Date_and_Time, ,V2X_Message_Detail,Sender,Receiver,Message_Type,Msg_Id,Seq_Num,Latitude_Sender,Longitude_Sender,Message Content,Latitude_Receiver,Longitude_Receiver,Simulation_Time_Sender, ,Simulation_Time_Receiver, 
2023-11-20 22:22:37,093 INFO  - ,Broadcast V2X Message from ,rsu_2,veh_2, InterVehicleMsg{,30, 360,  41.632382935740885,  -71.0077086334615, Road CLOSED, Latitude= 41.63226966009829, Longitude= -71.00413138868952,  (at simulation time 51.000,900,  (at simulation time 51.003,300
2023-11-20 22:22:37,093 INFO  - ,Broadcast V2X Message from ,rsu_2,veh_2, InterVehicleMsg{,30, 361,  41.632382935740885,  -71.0077086334615, Road CLOSED, Latitude= 41.63226966009829, Longitude= -71.00413138868952,  (at simulation time 51.101,900,  (at simulation time 51.102,800
2023-11-20 22:22:37,093 INFO  - ,Broadcast V2X Message from ,rsu_2,veh_2, InterVehicleMsg{,30, 362,  41.632382935740885,  -71.0077086334615, Road CLOSED, Latitude= 41.63226966009829, Longitude= -71.00413138868952,  (at simulation time 51.201,400,  (at simulation time 51.202,800
2023-11-20 22:22:37,093 INFO  - ,Broadcast V2X Message from ,rsu_2,veh_2, InterVehicleMsg{,30, 363,  41.632382935740885,  -71.0077086334615, Road CLOSED, Latitude= 41.63226966009829, Longitude= -71.00413138868952,  (at simulation time 51.301,900,  (at simulation time 51.302,300
2023-11-20 22:22:37,093 INFO  - ,Broadcast V2X Message from ,rsu_2,veh_2, InterVehicleMsg{,30, 364,  41.632382935740885,  -71.0077086334615, Road CLOSED, Latitude= 41.63226966009829, Longitude= -71.00413138868952,  (at simulation time 51.400,400,  (at simulation time 51.402,800
2023-11-20 22:22:37,093 INFO  - ,Broadcast V2X Message from ,rsu_2,veh_2, InterVehicleMsg{,30, 365,  41.632382935740885,  -71.0077086334615, Road CLOSED, Latitude= 41.63226966009829, Longitude= -71.00413138868952,  (at simulation time 51.501,400,  (at simulation time 51.503,300
2023-11-20 22:22:37,093 INFO  - ,Broadcast V2X Message from ,rsu_2,veh_2, InterVehicleMsg{,30, 366,  41.632382935740885,  -71.0077086334615, Road CLOSED, Latitude= 41.63226966009829, Longitude= -71.00413138868952,  (at simulation time 51.600,400,  (at simulation time 51.600,800
2023-11-20 22:22:37,093 INFO  - ,Broadcast V2X Message from ,rsu_2,veh_2, InterVehicleMsg{,30, 367,  41.632382935740885,  -71.0077086334615, Road CLOSED, Latitude= 41.63226966009829, Longitude= -71.00413138868952,  (at simulation time 51.701,400,  (at simulation time 51.703,300
2023-11-20 22:22:37,093 INFO  - ,Broadcast V2X Message from ,rsu_2,veh_2, InterVehicleMsg{,30, 368,  41.632382935740885,  -71.0077086334615, Road CLOSED, Latitude= 41.63226966009829, Longitude= -71.00413138868952,  (at simulation time 51.802,400,  (at simulation time 51.803,300
2023-11-20 22:22:37,093 INFO  - ,Broadcast V2X Message from ,rsu_2,veh_2, InterVehicleMsg{,30, 369,  41.632382935740885,  -71.0077086334615, Road CLOSED, Latitude= 41.63226966009829, Longitude= -71.00413138868952,  (at simulation time 51.902,400,  (at simulation time 51.903,300
2023-11-20 22:22:37,093 INFO  - ,Broadcast V2X Message from ,rsu_2,veh_2, InterVehicleMsg{,30, 370,  41.632382935740885,  -71.0077086334615, Road CLOSED, Latitude= 41.63228977630542, Longitude= -71.00420737519642,  (at simulation time 52.002,400,  (at simulation time 52.002,800
2023-11-20 22:22:37,093 INFO  - ,Broadcast V2X Message from ,rsu_2,veh_2, InterVehicleMsg{,30, 371,  41.632382935740885,  -71.0077086334615, Road CLOSED, Latitude= 41.63228977630542, Longitude= -71.00420737519642,  (at simulation time 52.101,400,  (at simulation time 52.103,800
2023-11-20 22:22:37,093 INFO  - ,Broadcast V2X Message from ,rsu_2,veh_2, InterVehicleMsg{,30, 372,  41.632382935740885,  -71.0077086334615, Road CLOSED, Latitude= 41.63228977630542, Longitude= -71.00420737519642,  (at simulation time 52.202,400,  (at simulation time 52.204,300
2023-11-20 22:22:37,093 INFO  - ,Broadcast V2X Message from ,rsu_2,veh_2, InterVehicleMsg{,30, 373,  41.632382935740885,  -71.0077086334615, Road CLOSED, Latitude= 41.63228977630542, Longitude= -71.00420737519642,  (at simulation time 52.301,900,  (at simulation time 52.303,300
2023-11-20 22:22:37,093 INFO  - ,Broadcast V2X Message from ,rsu_2,veh_2, InterVehicleMsg{,30, 374,  41.632382935740885,  -71.0077086334615, Road CLOSED, Latitude= 41.63228977630542, Longitude= -71.00420737519642,  (at simulation time 52.402,400,  (at simulation time 52.404,800
2023-11-20 22:22:37,093 INFO  - ,Broadcast V2X Message from ,rsu_2,veh_2, InterVehicleMsg{,30, 375,  41.632382935740885,  -71.0077086334615, Road CLOSED, Latitude= 41.63228977630542, Longitude= -71.00420737519642,  (at simulation time 52.500,400,  (at simulation time 52.501,300
2023-11-20 22:22:37,093 INFO  - ,Broadcast V2X Message from ,rsu_2,veh_2, InterVehicleMsg{,30, 376,  41.632382935740885,  -71.0077086334615, Road CLOSED, Latitude= 41.63228977630542, Longitude= -71.00420737519642,  (at simulation time 52.602,400,  (at simulation time 52.604,800
2023-11-20 22:22:37,093 INFO  - ,Broadcast V2X Message from ,rsu_2,veh_2, InterVehicleMsg{,30, 377,  41.632382935740885,  -71.0077086334615, Road CLOSED, Latitude= 41.63228977630542, Longitude= -71.00420737519642,  (at simulation time 52.700,400,  (at simulation time 52.702,300
2023-11-20 22:22:37,093 INFO  - ,Broadcast V2X Message from ,rsu_2,veh_2, InterVehicleMsg{,30, 378,  41.632382935740885,  -71.0077086334615, Road CLOSED, Latitude= 41.63228977630542, Longitude= -71.00420737519642,  (at simulation time 52.801,400,  (at simulation time 52.802,800
2023-11-20 22:22:37,093 INFO  - ,Broadcast V2X Message from ,rsu_2,veh_2, InterVehicleMsg{,30, 379,  41.632382935740885,  -71.0077086334615, Road CLOSED, Latitude= 41.63228977630542, Longitude= -71.00420737519642,  (at simulation time 52.901,900,  (at simulation time 52.903,800
2023-11-20 22:22:37,093 INFO  - ,Broadcast V2X Message from ,rsu_2,veh_2, InterVehicleMsg{,30, 380,  41.632382935740885,  -71.0077086334615, Road CLOSED, Latitude= 41.63230790724879, Longitude= -71.00429181092414,  (at simulation time 53.001,400,  (at simulation time 53.003,800
2023-11-20 22:22:37,093 INFO  - ,Broadcast V2X Message from ,rsu_2,veh_2, InterVehicleMsg{,30, 381,  41.632382935740885,  -71.0077086334615, Road CLOSED, Latitude= 41.63230790724879, Longitude= -71.00429181092414,  (at simulation time 53.100,400,  (at simulation time 53.102,800
2023-11-20 22:22:37,093 INFO  - ,Broadcast V2X Message from ,rsu_2,veh_2, InterVehicleMsg{,30, 382,  41.632382935740885,  -71.0077086334615, Road CLOSED, Latitude= 41.63230790724879, Longitude= -71.00429181092414,  (at simulation time 53.200,400,  (at simulation time 53.202,300
2023-11-20 22:22:37,093 INFO  - ,Broadcast V2X Message from ,rsu_2,veh_2, InterVehicleMsg{,30, 383,  41.632382935740885,  -71.0077086334615, Road CLOSED, Latitude= 41.63230790724879, Longitude= -71.00429181092414,  (at simulation time 53.300,900,  (at simulation time 53.302,800
2023-11-20 22:22:37,093 INFO  - ,Broadcast V2X Message from ,rsu_2,veh_2, InterVehicleMsg{,30, 384,  41.632382935740885,  -71.0077086334615, Road CLOSED, Latitude= 41.63230790724879, Longitude= -71.00429181092414,  (at simulation time 53.400,900,  (at simulation time 53.401,300
2023-11-20 22:22:37,093 INFO  - ,Broadcast V2X Message from ,rsu_2,veh_2, InterVehicleMsg{,30, 385,  41.632382935740885,  -71.0077086334615, Road CLOSED, Latitude= 41.63230790724879, Longitude= -71.00429181092414,  (at simulation time 53.500,900,  (at simulation time 53.503,300
2023-11-20 22:22:37,093 INFO  - ,Broadcast V2X Message from ,rsu_2,veh_2, InterVehicleMsg{,30, 386,  41.632382935740885,  -71.0077086334615, Road CLOSED, Latitude= 41.63230790724879, Longitude= -71.00429181092414,  (at simulation time 53.601,400,  (at simulation time 53.601,800
2023-11-20 22:22:37,093 INFO  - ,Broadcast V2X Message from ,rsu_2,veh_2, InterVehicleMsg{,30, 387,  41.632382935740885,  -71.0077086334615, Road CLOSED, Latitude= 41.63230790724879, Longitude= -71.00429181092414,  (at simulation time 53.700,400,  (at simulation time 53.702,800
2023-11-20 22:22:37,093 INFO  - ,Broadcast V2X Message from ,rsu_2,veh_2, InterVehicleMsg{,30, 388,  41.632382935740885,  -71.0077086334615, Road CLOSED, Latitude= 41.63230790724879, Longitude= -71.00429181092414,  (at simulation time 53.801,900,  (at simulation time 53.802,800
2023-11-20 22:22:37,093 INFO  - ,Broadcast V2X Message from ,rsu_2,veh_2, InterVehicleMsg{,30, 389,  41.632382935740885,  -71.0077086334615, Road CLOSED, Latitude= 41.63230790724879, Longitude= -71.00429181092414,  (at simulation time 53.900,400,  (at simulation time 53.900,800
2023-11-20 22:22:37,093 INFO  - ,Broadcast V2X Message from ,rsu_2,veh_2, InterVehicleMsg{,30, 390,  41.632382935740885,  -71.0077086334615, Road CLOSED, Latitude= 41.63232623034605, Longitude= -71.00437799556542,  (at simulation time 54.001,400,  (at simulation time 54.003,300
2023-11-20 22:22:37,093 INFO  - ,Broadcast V2X Message from ,rsu_2,veh_2, InterVehicleMsg{,30, 391,  41.632382935740885,  -71.0077086334615, Road CLOSED, Latitude= 41.63232623034605, Longitude= -71.00437799556542,  (at simulation time 54.100,400,  (at simulation time 54.102,800
2023-11-20 22:22:37,093 INFO  - ,Broadcast V2X Message from ,rsu_2,veh_2, InterVehicleMsg{,30, 392,  41.632382935740885,  -71.0077086334615, Road CLOSED, Latitude= 41.63232623034605, Longitude= -71.00437799556542,  (at simulation time 54.200,900,  (at simulation time 54.201,300
2023-11-20 22:22:37,093 INFO  - ,Broadcast V2X Message from ,rsu_2,veh_2, InterVehicleMsg{,30, 393,  41.632382935740885,  -71.0077086334615, Road CLOSED, Latitude= 41.63232623034605, Longitude= -71.00437799556542,  (at simulation time 54.300,400,  (at simulation time 54.302,800
2023-11-20 22:22:37,093 INFO  - ,Broadcast V2X Message from ,rsu_2,veh_2, InterVehicleMsg{,30, 394,  41.632382935740885,  -71.0077086334615, Road CLOSED, Latitude= 41.63232623034605, Longitude= -71.00437799556542,  (at simulation time 54.401,400,  (at simulation time 54.402,800
2023-11-20 22:22:37,093 INFO  - ,Broadcast V2X Message from ,rsu_2,veh_2, InterVehicleMsg{,30, 395,  41.632382935740885,  -71.0077086334615, Road CLOSED, Latitude= 41.63232623034605, Longitude= -71.00437799556542,  (at simulation time 54.502,400,  (at simulation time 54.503,300
2023-11-20 22:22:37,093 INFO  - ,Broadcast V2X Message from ,rsu_2,veh_2, InterVehicleMsg{,30, 396,  41.632382935740885,  -71.0077086334615, Road CLOSED, Latitude= 41.63232623034605, Longitude= -71.00437799556542,  (at simulation time 54.602,400,  (at simulation time 54.603,800
2023-11-20 22:22:37,093 INFO  - ,Broadcast V2X Message from ,rsu_2,veh_2, InterVehicleMsg{,30, 397,  41.632382935740885,  -71.0077086334615, Road CLOSED, Latitude= 41.63232623034605, Longitude= -71.00437799556542,  (at simulation time 54.701,400,  (at simulation time 54.702,800
2023-11-20 22:22:37,093 INFO  - ,Broadcast V2X Message from ,rsu_2,veh_2, InterVehicleMsg{,30, 398,  41.632382935740885,  -71.0077086334615, Road CLOSED, Latitude= 41.63232623034605, Longitude= -71.00437799556542,  (at simulation time 54.801,900,  (at simulation time 54.804,300
2023-11-20 22:22:37,093 INFO  - ,Broadcast V2X Message from ,rsu_2,veh_2, InterVehicleMsg{,30, 399,  41.632382935740885,  -71.0077086334615, Road CLOSED, Latitude= 41.63232623034605, Longitude= -71.00437799556542,  (at simulation time 54.902,400,  (at simulation time 54.902,800
2023-11-20 22:22:37,093 INFO  - ,Broadcast V2X Message from ,rsu_2,veh_2, InterVehicleMsg{,30, 400,  41.632382935740885,  -71.0077086334615, Road CLOSED, Latitude= 41.632340222450104, Longitude= -71.00445396129773,  (at simulation time 55.000,400,  (at simulation time 55.000,800
2023-11-20 22:22:37,093 INFO  - ,Broadcast V2X Message from ,rsu_2,veh_2, InterVehicleMsg{,30, 401,  41.632382935740885,  -71.0077086334615, Road CLOSED, Latitude= 41.632340222450104, Longitude= -71.00445396129773,  (at simulation time 55.101,400,  (at simulation time 55.102,300
2023-11-20 22:22:37,093 INFO  - ,Broadcast V2X Message from ,rsu_2,veh_2, InterVehicleMsg{,30, 402,  41.632382935740885,  -71.0077086334615, Road CLOSED, Latitude= 41.632340222450104, Longitude= -71.00445396129773,  (at simulation time 55.201,900,  (at simulation time 55.203,300
2023-11-20 22:22:37,093 INFO  - ,Broadcast V2X Message from ,rsu_2,veh_2, InterVehicleMsg{,30, 403,  41.632382935740885,  -71.0077086334615, Road CLOSED, Latitude= 41.632340222450104, Longitude= -71.00445396129773,  (at simulation time 55.301,900,  (at simulation time 55.303,800
2023-11-20 22:22:37,093 INFO  - ,Broadcast V2X Message from ,rsu_2,veh_2, InterVehicleMsg{,30, 404,  41.632382935740885,  -71.0077086334615, Road CLOSED, Latitude= 41.632340222450104, Longitude= -71.00445396129773,  (at simulation time 55.402,400,  (at simulation time 55.403,800
2023-11-20 22:22:37,093 INFO  - ,Broadcast V2X Message from ,rsu_2,veh_2, InterVehicleMsg{,30, 405,  41.632382935740885,  -71.0077086334615, Road CLOSED, Latitude= 41.632340222450104, Longitude= -71.00445396129773,  (at simulation time 55.502,400,  (at simulation time 55.504,800
2023-11-20 22:22:37,093 INFO  - ,Broadcast V2X Message from ,rsu_2,veh_2, InterVehicleMsg{,30, 406,  41.632382935740885,  -71.0077086334615, Road CLOSED, Latitude= 41.632340222450104, Longitude= -71.00445396129773,  (at simulation time 55.601,400,  (at simulation time 55.603,800
2023-11-20 22:22:37,093 INFO  - ,Broadcast V2X Message from ,rsu_2,veh_2, InterVehicleMsg{,30, 407,  41.632382935740885,  -71.0077086334615, Road CLOSED, Latitude= 41.632340222450104, Longitude= -71.00445396129773,  (at simulation time 55.700,900,  (at simulation time 55.701,800
2023-11-20 22:22:37,093 INFO  - ,Broadcast V2X Message from ,rsu_2,veh_2, InterVehicleMsg{,30, 408,  41.632382935740885,  -71.0077086334615, Road CLOSED, Latitude= 41.632340222450104, Longitude= -71.00445396129773,  (at simulation time 55.801,400,  (at simulation time 55.803,300
2023-11-20 22:22:37,093 INFO  - ,Broadcast V2X Message from ,rsu_2,veh_2, InterVehicleMsg{,30, 409,  41.632382935740885,  -71.0077086334615, Road CLOSED, Latitude= 41.632340222450104, Longitude= -71.00445396129773,  (at simulation time 55.900,400,  (at simulation time 55.901,800
2023-11-20 22:22:37,093 INFO  - ,Broadcast V2X Message from ,rsu_2,veh_2, InterVehicleMsg{,30, 410,  41.632382935740885,  -71.0077086334615, Road CLOSED, Latitude= 41.63235203289784, Longitude= -71.00452705937775,  (at simulation time 56.002,400,  (at simulation time 56.002,800
2023-11-20 22:22:37,093 INFO  - ,Broadcast V2X Message from ,rsu_2,veh_2, InterVehicleMsg{,30, 411,  41.632382935740885,  -71.0077086334615, Road CLOSED, Latitude= 41.63235203289784, Longitude= -71.00452705937775,  (at simulation time 56.101,400,  (at simulation time 56.102,800
2023-11-20 22:22:37,093 INFO  - ,Broadcast V2X Message from ,rsu_2,veh_2, InterVehicleMsg{,30, 412,  41.632382935740885,  -71.0077086334615, Road CLOSED, Latitude= 41.63235203289784, Longitude= -71.00452705937775,  (at simulation time 56.202,400,  (at simulation time 56.203,800
2023-11-20 22:22:37,108 INFO  - ,Broadcast V2X Message from ,rsu_2,veh_2, InterVehicleMsg{,30, 413,  41.632382935740885,  -71.0077086334615, Road CLOSED, Latitude= 41.63235203289784, Longitude= -71.00452705937775,  (at simulation time 56.302,400,  (at simulation time 56.304,800
2023-11-20 22:22:37,108 INFO  - ,Broadcast V2X Message from ,rsu_2,veh_2, InterVehicleMsg{,30, 414,  41.632382935740885,  -71.0077086334615, Road CLOSED, Latitude= 41.63235203289784, Longitude= -71.00452705937775,  (at simulation time 56.400,400,  (at simulation time 56.401,300
2023-11-20 22:22:37,108 INFO  - ,Broadcast V2X Message from ,rsu_2,veh_2, InterVehicleMsg{,30, 415,  41.632382935740885,  -71.0077086334615, Road CLOSED, Latitude= 41.63235203289784, Longitude= -71.00452705937775,  (at simulation time 56.502,400,  (at simulation time 56.503,800
2023-11-20 22:22:37,108 INFO  - ,Broadcast V2X Message from ,rsu_2,veh_2, InterVehicleMsg{,30, 416,  41.632382935740885,  -71.0077086334615, Road CLOSED, Latitude= 41.63235203289784, Longitude= -71.00452705937775,  (at simulation time 56.601,900,  (at simulation time 56.603,300
2023-11-20 22:22:37,108 INFO  - ,Broadcast V2X Message from ,rsu_2,veh_2, InterVehicleMsg{,30, 417,  41.632382935740885,  -71.0077086334615, Road CLOSED, Latitude= 41.63235203289784, Longitude= -71.00452705937775,  (at simulation time 56.700,900,  (at simulation time 56.702,800
2023-11-20 22:22:37,108 INFO  - ,Broadcast V2X Message from ,rsu_2,veh_2, InterVehicleMsg{,30, 418,  41.632382935740885,  -71.0077086334615, Road CLOSED, Latitude= 41.63235203289784, Longitude= -71.00452705937775,  (at simulation time 56.801,900,  (at simulation time 56.803,800
2023-11-20 22:22:37,108 INFO  - ,Broadcast V2X Message from ,rsu_2,veh_2, InterVehicleMsg{,30, 419,  41.632382935740885,  -71.0077086334615, Road CLOSED, Latitude= 41.63235203289784, Longitude= -71.00452705937775,  (at simulation time 56.900,900,  (at simulation time 56.902,800
2023-11-20 22:22:37,108 INFO  - ,Broadcast V2X Message from ,rsu_2,veh_2, InterVehicleMsg{,30, 420,  41.632382935740885,  -71.0077086334615, Road CLOSED, Latitude= 41.632363878059344, Longitude= -71.00460037262879,  (at simulation time 57.001,400,  (at simulation time 57.003,800
2023-11-20 22:22:37,108 INFO  - ,Broadcast V2X Message from ,rsu_2,veh_2, InterVehicleMsg{,30, 421,  41.632382935740885,  -71.0077086334615, Road CLOSED, Latitude= 41.632363878059344, Longitude= -71.00460037262879,  (at simulation time 57.101,900,  (at simulation time 57.102,800
2023-11-20 22:22:37,108 INFO  - ,Broadcast V2X Message from ,rsu_2,veh_2, InterVehicleMsg{,30, 422,  41.632382935740885,  -71.0077086334615, Road CLOSED, Latitude= 41.632363878059344, Longitude= -71.00460037262879,  (at simulation time 57.200,900,  (at simulation time 57.203,300
2023-11-20 22:22:37,108 INFO  - ,Broadcast V2X Message from ,rsu_2,veh_2, InterVehicleMsg{,30, 423,  41.632382935740885,  -71.0077086334615, Road CLOSED, Latitude= 41.632363878059344, Longitude= -71.00460037262879,  (at simulation time 57.301,400,  (at simulation time 57.302,800
2023-11-20 22:22:37,108 INFO  - ,Broadcast V2X Message from ,rsu_2,veh_2, InterVehicleMsg{,30, 424,  41.632382935740885,  -71.0077086334615, Road CLOSED, Latitude= 41.632363878059344, Longitude= -71.00460037262879,  (at simulation time 57.400,900,  (at simulation time 57.401,800
2023-11-20 22:22:37,108 INFO  - ,Broadcast V2X Message from ,rsu_2,veh_2, InterVehicleMsg{,30, 425,  41.632382935740885,  -71.0077086334615, Road CLOSED, Latitude= 41.632363878059344, Longitude= -71.00460037262879,  (at simulation time 57.500,900,  (at simulation time 57.502,300
2023-11-20 22:22:37,108 INFO  - ,Broadcast V2X Message from ,rsu_2,veh_2, InterVehicleMsg{,30, 426,  41.632382935740885,  -71.0077086334615, Road CLOSED, Latitude= 41.632363878059344, Longitude= -71.00460037262879,  (at simulation time 57.600,900,  (at simulation time 57.601,300
2023-11-20 22:22:37,108 INFO  - ,Broadcast V2X Message from ,rsu_2,veh_2, InterVehicleMsg{,30, 427,  41.632382935740885,  -71.0077086334615, Road CLOSED, Latitude= 41.632363878059344, Longitude= -71.00460037262879,  (at simulation time 57.700,900,  (at simulation time 57.702,300
2023-11-20 22:22:37,108 INFO  - ,Broadcast V2X Message from ,rsu_2,veh_2, InterVehicleMsg{,30, 428,  41.632382935740885,  -71.0077086334615, Road CLOSED, Latitude= 41.632363878059344, Longitude= -71.00460037262879,  (at simulation time 57.802,400,  (at simulation time 57.804,800
2023-11-20 22:22:37,108 INFO  - ,Broadcast V2X Message from ,rsu_2,veh_2, InterVehicleMsg{,30, 429,  41.632382935740885,  -71.0077086334615, Road CLOSED, Latitude= 41.632363878059344, Longitude= -71.00460037262879,  (at simulation time 57.900,400,  (at simulation time 57.900,800
2023-11-20 22:22:37,108 INFO  - ,Broadcast V2X Message from ,rsu_2,veh_2, InterVehicleMsg{,30, 430,  41.632382935740885,  -71.0077086334615, Road CLOSED, Latitude= 41.632373532678194, Longitude= -71.00467991981897,  (at simulation time 58.001,400,  (at simulation time 58.003,300
2023-11-20 22:22:37,108 INFO  - ,Broadcast V2X Message from ,rsu_2,veh_2, InterVehicleMsg{,30, 431,  41.632382935740885,  -71.0077086334615, Road CLOSED, Latitude= 41.632373532678194, Longitude= -71.00467991981897,  (at simulation time 58.101,400,  (at simulation time 58.102,300
2023-11-20 22:22:37,108 INFO  - ,Broadcast V2X Message from ,rsu_2,veh_2, InterVehicleMsg{,30, 432,  41.632382935740885,  -71.0077086334615, Road CLOSED, Latitude= 41.632373532678194, Longitude= -71.00467991981897,  (at simulation time 58.202,400,  (at simulation time 58.202,800
2023-11-20 22:22:37,108 INFO  - ,Broadcast V2X Message from ,rsu_2,veh_2, InterVehicleMsg{,30, 433,  41.632382935740885,  -71.0077086334615, Road CLOSED, Latitude= 41.632373532678194, Longitude= -71.00467991981897,  (at simulation time 58.301,400,  (at simulation time 58.303,300
2023-11-20 22:22:37,108 INFO  - ,Broadcast V2X Message from ,rsu_2,veh_2, InterVehicleMsg{,30, 434,  41.632382935740885,  -71.0077086334615, Road CLOSED, Latitude= 41.632373532678194, Longitude= -71.00467991981897,  (at simulation time 58.400,900,  (at simulation time 58.402,300
2023-11-20 22:22:37,108 INFO  - ,Broadcast V2X Message from ,rsu_2,veh_2, InterVehicleMsg{,30, 435,  41.632382935740885,  -71.0077086334615, Road CLOSED, Latitude= 41.632373532678194, Longitude= -71.00467991981897,  (at simulation time 58.500,400,  (at simulation time 58.502,800
2023-11-20 22:22:37,108 INFO  - ,Broadcast V2X Message from ,rsu_2,veh_2, InterVehicleMsg{,30, 436,  41.632382935740885,  -71.0077086334615, Road CLOSED, Latitude= 41.632373532678194, Longitude= -71.00467991981897,  (at simulation time 58.600,400,  (at simulation time 58.602,300
2023-11-20 22:22:37,108 INFO  - ,Broadcast V2X Message from ,rsu_2,veh_2, InterVehicleMsg{,30, 437,  41.632382935740885,  -71.0077086334615, Road CLOSED, Latitude= 41.632373532678194, Longitude= -71.00467991981897,  (at simulation time 58.702,400,  (at simulation time 58.702,800
2023-11-20 22:22:37,108 INFO  - ,Broadcast V2X Message from ,rsu_2,veh_2, InterVehicleMsg{,30, 438,  41.632382935740885,  -71.0077086334615, Road CLOSED, Latitude= 41.632373532678194, Longitude= -71.00467991981897,  (at simulation time 58.800,900,  (at simulation time 58.801,300
2023-11-20 22:22:37,108 INFO  - ,Broadcast V2X Message from ,rsu_2,veh_2, InterVehicleMsg{,30, 439,  41.632382935740885,  -71.0077086334615, Road CLOSED, Latitude= 41.632373532678194, Longitude= -71.00467991981897,  (at simulation time 58.901,400,  (at simulation time 58.902,300
2023-11-20 22:22:37,108 INFO  - ,Broadcast V2X Message from ,rsu_2,veh_2, InterVehicleMsg{,30, 440,  41.632382935740885,  -71.0077086334615, Road CLOSED, Latitude= 41.63238307163324, Longitude= -71.00476539991904,  (at simulation time 59.000,900,  (at simulation time 59.003,300
2023-11-20 22:22:37,108 INFO  - ,Broadcast V2X Message from ,rsu_2,veh_2, InterVehicleMsg{,30, 441,  41.632382935740885,  -71.0077086334615, Road CLOSED, Latitude= 41.63238307163324, Longitude= -71.00476539991904,  (at simulation time 59.100,900,  (at simulation time 59.101,300
2023-11-20 22:22:37,108 INFO  - ,Broadcast V2X Message from ,rsu_2,veh_2, InterVehicleMsg{,30, 442,  41.632382935740885,  -71.0077086334615, Road CLOSED, Latitude= 41.63238307163324, Longitude= -71.00476539991904,  (at simulation time 59.202,400,  (at simulation time 59.203,300
2023-11-20 22:22:37,108 INFO  - ,Broadcast V2X Message from ,rsu_2,veh_2, InterVehicleMsg{,30, 443,  41.632382935740885,  -71.0077086334615, Road CLOSED, Latitude= 41.63238307163324, Longitude= -71.00476539991904,  (at simulation time 59.300,400,  (at simulation time 59.300,800
2023-11-20 22:22:37,108 INFO  - ,Broadcast V2X Message from ,rsu_2,veh_2, InterVehicleMsg{,30, 444,  41.632382935740885,  -71.0077086334615, Road CLOSED, Latitude= 41.63238307163324, Longitude= -71.00476539991904,  (at simulation time 59.400,900,  (at simulation time 59.403,300
2023-11-20 22:22:37,108 INFO  - ,Broadcast V2X Message from ,rsu_2,veh_2, InterVehicleMsg{,30, 445,  41.632382935740885,  -71.0077086334615, Road CLOSED, Latitude= 41.63238307163324, Longitude= -71.00476539991904,  (at simulation time 59.501,900,  (at simulation time 59.502,300
2023-11-20 22:22:37,108 INFO  - ,Broadcast V2X Message from ,rsu_2,veh_2, InterVehicleMsg{,30, 446,  41.632382935740885,  -71.0077086334615, Road CLOSED, Latitude= 41.63238307163324, Longitude= -71.00476539991904,  (at simulation time 59.602,400,  (at simulation time 59.604,300
2023-11-20 22:22:37,108 INFO  - ,Broadcast V2X Message from ,rsu_2,veh_2, InterVehicleMsg{,30, 447,  41.632382935740885,  -71.0077086334615, Road CLOSED, Latitude= 41.63238307163324, Longitude= -71.00476539991904,  (at simulation time 59.701,900,  (at simulation time 59.703,800
2023-11-20 22:22:37,108 INFO  - ,Broadcast V2X Message from ,rsu_2,veh_2, InterVehicleMsg{,30, 448,  41.632382935740885,  -71.0077086334615, Road CLOSED, Latitude= 41.63238307163324, Longitude= -71.00476539991904,  (at simulation time 59.800,900,  (at simulation time 59.802,300
2023-11-20 22:22:37,108 INFO  - ,Broadcast V2X Message from ,rsu_2,veh_2, InterVehicleMsg{,30, 449,  41.632382935740885,  -71.0077086334615, Road CLOSED, Latitude= 41.63238307163324, Longitude= -71.00476539991904,  (at simulation time 59.902,400,  (at simulation time 59.902,800
2023-11-20 22:22:37,108 INFO  - ,Broadcast V2X Message from ,rsu_2,veh_2, InterVehicleMsg{,30, 450,  41.632382935740885,  -71.0077086334615, Road CLOSED, Latitude= 41.63239054140047, Longitude= -71.00483937351537,  (at simulation time 60.000,900,  (at simulation time 60.003,300
2023-11-20 22:22:37,108 INFO  - ,Broadcast V2X Message from ,rsu_2,veh_2, InterVehicleMsg{,30, 451,  41.632382935740885,  -71.0077086334615, Road CLOSED, Latitude= 41.63239054140047, Longitude= -71.00483937351537,  (at simulation time 60.101,400,  (at simulation time 60.101,800
2023-11-20 22:22:37,108 INFO  - ,Broadcast V2X Message from ,rsu_2,veh_2, InterVehicleMsg{,30, 452,  41.632382935740885,  -71.0077086334615, Road CLOSED, Latitude= 41.63239054140047, Longitude= -71.00483937351537,  (at simulation time 60.201,900,  (at simulation time 60.202,800
2023-11-20 22:22:37,108 INFO  - ,Broadcast V2X Message from ,rsu_2,veh_2, InterVehicleMsg{,30, 453,  41.632382935740885,  -71.0077086334615, Road CLOSED, Latitude= 41.63239054140047, Longitude= -71.00483937351537,  (at simulation time 60.301,400,  (at simulation time 60.303,300
2023-11-20 22:22:37,108 INFO  - ,Broadcast V2X Message from ,rsu_2,veh_2, InterVehicleMsg{,30, 454,  41.632382935740885,  -71.0077086334615, Road CLOSED, Latitude= 41.63239054140047, Longitude= -71.00483937351537,  (at simulation time 60.400,400,  (at simulation time 60.400,800
2023-11-20 22:22:37,108 INFO  - ,Broadcast V2X Message from ,rsu_2,veh_2, InterVehicleMsg{,30, 455,  41.632382935740885,  -71.0077086334615, Road CLOSED, Latitude= 41.63239054140047, Longitude= -71.00483937351537,  (at simulation time 60.502,400,  (at simulation time 60.504,300
2023-11-20 22:22:37,108 INFO  - ,Broadcast V2X Message from ,rsu_2,veh_2, InterVehicleMsg{,30, 456,  41.632382935740885,  -71.0077086334615, Road CLOSED, Latitude= 41.63239054140047, Longitude= -71.00483937351537,  (at simulation time 60.601,400,  (at simulation time 60.602,800
2023-11-20 22:22:37,108 INFO  - ,Broadcast V2X Message from ,rsu_2,veh_2, InterVehicleMsg{,30, 457,  41.632382935740885,  -71.0077086334615, Road CLOSED, Latitude= 41.63239054140047, Longitude= -71.00483937351537,  (at simulation time 60.702,400,  (at simulation time 60.702,800
2023-11-20 22:22:37,108 INFO  - ,Broadcast V2X Message from ,rsu_2,veh_2, InterVehicleMsg{,30, 458,  41.632382935740885,  -71.0077086334615, Road CLOSED, Latitude= 41.63239054140047, Longitude= -71.00483937351537,  (at simulation time 60.802,400,  (at simulation time 60.803,300
2023-11-20 22:22:37,108 INFO  - ,Broadcast V2X Message from ,rsu_2,veh_2, InterVehicleMsg{,30, 459,  41.632382935740885,  -71.0077086334615, Road CLOSED, Latitude= 41.63239054140047, Longitude= -71.00483937351537,  (at simulation time 60.900,900,  (at simulation time 60.902,300
2023-11-20 22:22:37,108 INFO  - ,Broadcast V2X Message from ,rsu_2,veh_2, InterVehicleMsg{,30, 460,  41.632382935740885,  -71.0077086334615, Road CLOSED, Latitude= 41.63239491099159, Longitude= -71.00490663021779,  (at simulation time 61.001,400,  (at simulation time 61.003,800
2023-11-20 22:22:37,108 INFO  - ,Broadcast V2X Message from ,rsu_2,veh_2, InterVehicleMsg{,30, 461,  41.632382935740885,  -71.0077086334615, Road CLOSED, Latitude= 41.63239491099159, Longitude= -71.00490663021779,  (at simulation time 61.102,400,  (at simulation time 61.103,800
2023-11-20 22:22:37,108 INFO  - ,Broadcast V2X Message from ,rsu_2,veh_2, InterVehicleMsg{,30, 462,  41.632382935740885,  -71.0077086334615, Road CLOSED, Latitude= 41.63239491099159, Longitude= -71.00490663021779,  (at simulation time 61.200,400,  (at simulation time 61.201,800
2023-11-20 22:22:37,108 INFO  - ,Broadcast V2X Message from ,rsu_2,veh_2, InterVehicleMsg{,30, 463,  41.632382935740885,  -71.0077086334615, Road CLOSED, Latitude= 41.63239491099159, Longitude= -71.00490663021779,  (at simulation time 61.301,400,  (at simulation time 61.301,800
2023-11-20 22:22:37,108 INFO  - ,Broadcast V2X Message from ,rsu_2,veh_2, InterVehicleMsg{,30, 464,  41.632382935740885,  -71.0077086334615, Road CLOSED, Latitude= 41.63239491099159, Longitude= -71.00490663021779,  (at simulation time 61.401,400,  (at simulation time 61.402,800
2023-11-20 22:22:37,108 INFO  - ,Broadcast V2X Message from ,rsu_2,veh_2, InterVehicleMsg{,30, 465,  41.632382935740885,  -71.0077086334615, Road CLOSED, Latitude= 41.63239491099159, Longitude= -71.00490663021779,  (at simulation time 61.500,900,  (at simulation time 61.502,800
2023-11-20 22:22:37,108 INFO  - ,Broadcast V2X Message from ,rsu_2,veh_2, InterVehicleMsg{,30, 466,  41.632382935740885,  -71.0077086334615, Road CLOSED, Latitude= 41.63239491099159, Longitude= -71.00490663021779,  (at simulation time 61.602,400,  (at simulation time 61.603,800
2023-11-20 22:22:37,108 INFO  - ,Broadcast V2X Message from ,rsu_2,veh_2, InterVehicleMsg{,30, 467,  41.632382935740885,  -71.0077086334615, Road CLOSED, Latitude= 41.63239491099159, Longitude= -71.00490663021779,  (at simulation time 61.701,400,  (at simulation time 61.702,300
2023-11-20 22:22:37,108 INFO  - ,Broadcast V2X Message from ,rsu_2,veh_2, InterVehicleMsg{,30, 468,  41.632382935740885,  -71.0077086334615, Road CLOSED, Latitude= 41.63239491099159, Longitude= -71.00490663021779,  (at simulation time 61.801,400,  (at simulation time 61.803,300
2023-11-20 22:22:37,108 INFO  - ,Broadcast V2X Message from ,rsu_2,veh_2, InterVehicleMsg{,30, 469,  41.632382935740885,  -71.0077086334615, Road CLOSED, Latitude= 41.63239491099159, Longitude= -71.00490663021779,  (at simulation time 61.901,900,  (at simulation time 61.902,300
2023-11-20 22:22:37,124 INFO  - ,Broadcast V2X Message from ,rsu_2,veh_2, InterVehicleMsg{,30, 470,  41.632382935740885,  -71.0077086334615, Road CLOSED, Latitude= 41.63239984137088, Longitude= -71.00498251930654,  (at simulation time 62.002,400,  (at simulation time 62.004,300
2023-11-20 22:22:37,124 INFO  - ,Broadcast V2X Message from ,rsu_2,veh_2, InterVehicleMsg{,30, 471,  41.632382935740885,  -71.0077086334615, Road CLOSED, Latitude= 41.63239984137088, Longitude= -71.00498251930654,  (at simulation time 62.100,400,  (at simulation time 62.100,800
2023-11-20 22:22:37,124 INFO  - ,Broadcast V2X Message from ,rsu_2,veh_2, InterVehicleMsg{,30, 472,  41.632382935740885,  -71.0077086334615, Road CLOSED, Latitude= 41.63239984137088, Longitude= -71.00498251930654,  (at simulation time 62.202,400,  (at simulation time 62.203,300
2023-11-20 22:22:37,124 INFO  - ,Broadcast V2X Message from ,rsu_2,veh_2, InterVehicleMsg{,30, 473,  41.632382935740885,  -71.0077086334615, Road CLOSED, Latitude= 41.63239984137088, Longitude= -71.00498251930654,  (at simulation time 62.300,400,  (at simulation time 62.300,800
2023-11-20 22:22:37,124 INFO  - ,Broadcast V2X Message from ,rsu_2,veh_2, InterVehicleMsg{,30, 474,  41.632382935740885,  -71.0077086334615, Road CLOSED, Latitude= 41.63239984137088, Longitude= -71.00498251930654,  (at simulation time 62.401,900,  (at simulation time 62.402,800
2023-11-20 22:22:37,124 INFO  - ,Broadcast V2X Message from ,rsu_2,veh_2, InterVehicleMsg{,30, 475,  41.632382935740885,  -71.0077086334615, Road CLOSED, Latitude= 41.63239984137088, Longitude= -71.00498251930654,  (at simulation time 62.500,400,  (at simulation time 62.502,300
2023-11-20 22:22:37,124 INFO  - ,Broadcast V2X Message from ,rsu_2,veh_2, InterVehicleMsg{,30, 476,  41.632382935740885,  -71.0077086334615, Road CLOSED, Latitude= 41.63239984137088, Longitude= -71.00498251930654,  (at simulation time 62.601,400,  (at simulation time 62.601,800
2023-11-20 22:22:37,124 INFO  - ,Broadcast V2X Message from ,rsu_2,veh_2, InterVehicleMsg{,30, 477,  41.632382935740885,  -71.0077086334615, Road CLOSED, Latitude= 41.63239984137088, Longitude= -71.00498251930654,  (at simulation time 62.701,400,  (at simulation time 62.703,300
2023-11-20 22:22:37,124 INFO  - ,Broadcast V2X Message from ,rsu_2,veh_2, InterVehicleMsg{,30, 478,  41.632382935740885,  -71.0077086334615, Road CLOSED, Latitude= 41.63239984137088, Longitude= -71.00498251930654,  (at simulation time 62.800,400,  (at simulation time 62.801,800
2023-11-20 22:22:37,124 INFO  - ,Broadcast V2X Message from ,rsu_2,veh_2, InterVehicleMsg{,30, 479,  41.632382935740885,  -71.0077086334615, Road CLOSED, Latitude= 41.63239984137088, Longitude= -71.00498251930654,  (at simulation time 62.902,400,  (at simulation time 62.903,300
2023-11-20 22:22:37,124 INFO  - ,Broadcast V2X Message from ,rsu_2,veh_2, InterVehicleMsg{,30, 480,  41.632382935740885,  -71.0077086334615, Road CLOSED, Latitude= 41.63240333912814, Longitude= -71.0050635582697,  (at simulation time 63.000,400,  (at simulation time 63.000,800
2023-11-20 22:22:37,124 INFO  - ,Broadcast V2X Message from ,rsu_2,veh_2, InterVehicleMsg{,30, 481,  41.632382935740885,  -71.0077086334615, Road CLOSED, Latitude= 41.63240333912814, Longitude= -71.0050635582697,  (at simulation time 63.101,400,  (at simulation time 63.103,300
2023-11-20 22:22:37,124 INFO  - ,Broadcast V2X Message from ,rsu_2,veh_2, InterVehicleMsg{,30, 482,  41.632382935740885,  -71.0077086334615, Road CLOSED, Latitude= 41.63240333912814, Longitude= -71.0050635582697,  (at simulation time 63.201,900,  (at simulation time 63.202,300
2023-11-20 22:22:37,124 INFO  - ,Broadcast V2X Message from ,rsu_2,veh_2, InterVehicleMsg{,30, 483,  41.632382935740885,  -71.0077086334615, Road CLOSED, Latitude= 41.63240333912814, Longitude= -71.0050635582697,  (at simulation time 63.301,900,  (at simulation time 63.302,800
2023-11-20 22:22:37,124 INFO  - ,Broadcast V2X Message from ,rsu_2,veh_2, InterVehicleMsg{,30, 484,  41.632382935740885,  -71.0077086334615, Road CLOSED, Latitude= 41.63240333912814, Longitude= -71.0050635582697,  (at simulation time 63.401,900,  (at simulation time 63.402,800
2023-11-20 22:22:37,124 INFO  - ,Broadcast V2X Message from ,rsu_2,veh_2, InterVehicleMsg{,30, 485,  41.632382935740885,  -71.0077086334615, Road CLOSED, Latitude= 41.63240333912814, Longitude= -71.0050635582697,  (at simulation time 63.501,900,  (at simulation time 63.503,800
2023-11-20 22:22:37,124 INFO  - ,Broadcast V2X Message from ,rsu_2,veh_2, InterVehicleMsg{,30, 486,  41.632382935740885,  -71.0077086334615, Road CLOSED, Latitude= 41.63240333912814, Longitude= -71.0050635582697,  (at simulation time 63.600,400,  (at simulation time 63.602,300
2023-11-20 22:22:37,124 INFO  - ,Broadcast V2X Message from ,rsu_2,veh_2, InterVehicleMsg{,30, 487,  41.632382935740885,  -71.0077086334615, Road CLOSED, Latitude= 41.63240333912814, Longitude= -71.0050635582697,  (at simulation time 63.700,400,  (at simulation time 63.700,800
2023-11-20 22:22:37,124 INFO  - ,Broadcast V2X Message from ,rsu_2,veh_2, InterVehicleMsg{,30, 488,  41.632382935740885,  -71.0077086334615, Road CLOSED, Latitude= 41.63240333912814, Longitude= -71.0050635582697,  (at simulation time 63.802,400,  (at simulation time 63.804,800
2023-11-20 22:22:37,124 INFO  - ,Broadcast V2X Message from ,rsu_2,veh_2, InterVehicleMsg{,30, 489,  41.632382935740885,  -71.0077086334615, Road CLOSED, Latitude= 41.63240333912814, Longitude= -71.0050635582697,  (at simulation time 63.900,900,  (at simulation time 63.902,800
2023-11-20 22:22:37,124 INFO  - ,Broadcast V2X Message from ,rsu_2,veh_2, InterVehicleMsg{,30, 490,  41.632382935740885,  -71.0077086334615, Road CLOSED, Latitude= 41.63240459737436, Longitude= -71.00515527440093,  (at simulation time 64.002,400,  (at simulation time 64.004,800
2023-11-20 22:22:37,124 INFO  - ,Broadcast V2X Message from ,rsu_2,veh_2, InterVehicleMsg{,30, 491,  41.632382935740885,  -71.0077086334615, Road CLOSED, Latitude= 41.63240459737436, Longitude= -71.00515527440093,  (at simulation time 64.101,900,  (at simulation time 64.104,300
2023-11-20 22:22:37,124 INFO  - ,Broadcast V2X Message from ,rsu_2,veh_2, InterVehicleMsg{,30, 492,  41.632382935740885,  -71.0077086334615, Road CLOSED, Latitude= 41.63240459737436, Longitude= -71.00515527440093,  (at simulation time 64.200,900,  (at simulation time 64.202,300
2023-11-20 22:22:37,124 INFO  - ,Broadcast V2X Message from ,rsu_2,veh_2, InterVehicleMsg{,30, 493,  41.632382935740885,  -71.0077086334615, Road CLOSED, Latitude= 41.63240459737436, Longitude= -71.00515527440093,  (at simulation time 64.302,400,  (at simulation time 64.303,800
2023-11-20 22:22:37,124 INFO  - ,Broadcast V2X Message from ,rsu_2,veh_2, InterVehicleMsg{,30, 494,  41.632382935740885,  -71.0077086334615, Road CLOSED, Latitude= 41.63240459737436, Longitude= -71.00515527440093,  (at simulation time 64.401,900,  (at simulation time 64.402,300
2023-11-20 22:22:37,124 INFO  - ,Broadcast V2X Message from ,rsu_2,veh_2, InterVehicleMsg{,30, 495,  41.632382935740885,  -71.0077086334615, Road CLOSED, Latitude= 41.63240459737436, Longitude= -71.00515527440093,  (at simulation time 64.500,900,  (at simulation time 64.502,300
2023-11-20 22:22:37,124 INFO  - ,Broadcast V2X Message from ,rsu_2,veh_2, InterVehicleMsg{,30, 496,  41.632382935740885,  -71.0077086334615, Road CLOSED, Latitude= 41.63240459737436, Longitude= -71.00515527440093,  (at simulation time 64.602,400,  (at simulation time 64.604,300
2023-11-20 22:22:37,124 INFO  - ,Broadcast V2X Message from ,rsu_2,veh_2, InterVehicleMsg{,30, 497,  41.632382935740885,  -71.0077086334615, Road CLOSED, Latitude= 41.63240459737436, Longitude= -71.00515527440093,  (at simulation time 64.701,400,  (at simulation time 64.703,800
2023-11-20 22:22:37,124 INFO  - ,Broadcast V2X Message from ,rsu_2,veh_2, InterVehicleMsg{,30, 498,  41.632382935740885,  -71.0077086334615, Road CLOSED, Latitude= 41.63240459737436, Longitude= -71.00515527440093,  (at simulation time 64.800,400,  (at simulation time 64.801,300
2023-11-20 22:22:37,124 INFO  - ,Broadcast V2X Message from ,rsu_2,veh_2, InterVehicleMsg{,30, 499,  41.632382935740885,  -71.0077086334615, Road CLOSED, Latitude= 41.63240459737436, Longitude= -71.00515527440093,  (at simulation time 64.900,900,  (at simulation time 64.902,800
2023-11-20 22:22:37,124 INFO  - ,Broadcast V2X Message from ,rsu_2,veh_2, InterVehicleMsg{,30, 500,  41.632382935740885,  -71.0077086334615, Road CLOSED, Latitude= 41.63240578117893, Longitude= -71.00523874081462,  (at simulation time 65.002,400,  (at simulation time 65.002,800
2023-11-20 22:22:37,124 INFO  - ,Broadcast V2X Message from ,rsu_2,veh_2, InterVehicleMsg{,30, 501,  41.632382935740885,  -71.0077086334615, Road CLOSED, Latitude= 41.63240578117893, Longitude= -71.00523874081462,  (at simulation time 65.101,400,  (at simulation time 65.102,800
2023-11-20 22:22:37,124 INFO  - ,Broadcast V2X Message from ,rsu_2,veh_2, InterVehicleMsg{,30, 502,  41.632382935740885,  -71.0077086334615, Road CLOSED, Latitude= 41.63240578117893, Longitude= -71.00523874081462,  (at simulation time 65.201,400,  (at simulation time 65.203,800
2023-11-20 22:22:37,124 INFO  - ,Broadcast V2X Message from ,rsu_2,veh_2, InterVehicleMsg{,30, 503,  41.632382935740885,  -71.0077086334615, Road CLOSED, Latitude= 41.63240578117893, Longitude= -71.00523874081462,  (at simulation time 65.300,400,  (at simulation time 65.301,300
2023-11-20 22:22:37,124 INFO  - ,Broadcast V2X Message from ,rsu_2,veh_2, InterVehicleMsg{,30, 504,  41.632382935740885,  -71.0077086334615, Road CLOSED, Latitude= 41.63240578117893, Longitude= -71.00523874081462,  (at simulation time 65.402,400,  (at simulation time 65.404,300
2023-11-20 22:22:37,124 INFO  - ,Broadcast V2X Message from ,rsu_2,veh_2, InterVehicleMsg{,30, 505,  41.632382935740885,  -71.0077086334615, Road CLOSED, Latitude= 41.63240578117893, Longitude= -71.00523874081462,  (at simulation time 65.500,900,  (at simulation time 65.501,300
2023-11-20 22:22:37,124 INFO  - ,Broadcast V2X Message from ,rsu_2,veh_2, InterVehicleMsg{,30, 506,  41.632382935740885,  -71.0077086334615, Road CLOSED, Latitude= 41.63240578117893, Longitude= -71.00523874081462,  (at simulation time 65.601,400,  (at simulation time 65.602,800
2023-11-20 22:22:37,124 INFO  - ,Broadcast V2X Message from ,rsu_2,veh_2, InterVehicleMsg{,30, 507,  41.632382935740885,  -71.0077086334615, Road CLOSED, Latitude= 41.63240578117893, Longitude= -71.00523874081462,  (at simulation time 65.702,400,  (at simulation time 65.702,800
2023-11-20 22:22:37,124 INFO  - ,Broadcast V2X Message from ,rsu_2,veh_2, InterVehicleMsg{,30, 508,  41.632382935740885,  -71.0077086334615, Road CLOSED, Latitude= 41.63240578117893, Longitude= -71.00523874081462,  (at simulation time 65.801,900,  (at simulation time 65.802,800
2023-11-20 22:22:37,124 INFO  - ,Broadcast V2X Message from ,rsu_2,veh_2, InterVehicleMsg{,30, 509,  41.632382935740885,  -71.0077086334615, Road CLOSED, Latitude= 41.63240578117893, Longitude= -71.00523874081462,  (at simulation time 65.901,900,  (at simulation time 65.903,800
2023-11-20 22:22:37,124 INFO  - ,Broadcast V2X Message from ,rsu_2,veh_2, InterVehicleMsg{,30, 510,  41.632382935740885,  -71.0077086334615, Road CLOSED, Latitude= 41.63240297613301, Longitude= -71.0053240088435,  (at simulation time 66.001,400,  (at simulation time 66.003,800
2023-11-20 22:22:37,124 INFO  - ,Broadcast V2X Message from ,rsu_2,veh_2, InterVehicleMsg{,30, 511,  41.632382935740885,  -71.0077086334615, Road CLOSED, Latitude= 41.63240297613301, Longitude= -71.0053240088435,  (at simulation time 66.100,900,  (at simulation time 66.102,300
2023-11-20 22:22:37,124 INFO  - ,Broadcast V2X Message from ,rsu_2,veh_2, InterVehicleMsg{,30, 512,  41.632382935740885,  -71.0077086334615, Road CLOSED, Latitude= 41.63240297613301, Longitude= -71.0053240088435,  (at simulation time 66.201,900,  (at simulation time 66.203,300
2023-11-20 22:22:37,124 INFO  - ,Broadcast V2X Message from ,rsu_2,veh_2, InterVehicleMsg{,30, 513,  41.632382935740885,  -71.0077086334615, Road CLOSED, Latitude= 41.63240297613301, Longitude= -71.0053240088435,  (at simulation time 66.301,400,  (at simulation time 66.303,300
2023-11-20 22:22:37,124 INFO  - ,Broadcast V2X Message from ,rsu_2,veh_2, InterVehicleMsg{,30, 514,  41.632382935740885,  -71.0077086334615, Road CLOSED, Latitude= 41.63240297613301, Longitude= -71.0053240088435,  (at simulation time 66.401,900,  (at simulation time 66.403,300
2023-11-20 22:22:37,124 INFO  - ,Broadcast V2X Message from ,rsu_2,veh_2, InterVehicleMsg{,30, 515,  41.632382935740885,  -71.0077086334615, Road CLOSED, Latitude= 41.63240297613301, Longitude= -71.0053240088435,  (at simulation time 66.500,900,  (at simulation time 66.502,800
2023-11-20 22:22:37,124 INFO  - ,Broadcast V2X Message from ,rsu_2,veh_2, InterVehicleMsg{,30, 516,  41.632382935740885,  -71.0077086334615, Road CLOSED, Latitude= 41.63240297613301, Longitude= -71.0053240088435,  (at simulation time 66.600,400,  (at simulation time 66.601,800
2023-11-20 22:22:37,124 INFO  - ,Broadcast V2X Message from ,rsu_2,veh_2, InterVehicleMsg{,30, 517,  41.632382935740885,  -71.0077086334615, Road CLOSED, Latitude= 41.63240297613301, Longitude= -71.0053240088435,  (at simulation time 66.700,400,  (at simulation time 66.701,800
2023-11-20 22:22:37,124 INFO  - ,Broadcast V2X Message from ,rsu_2,veh_2, InterVehicleMsg{,30, 518,  41.632382935740885,  -71.0077086334615, Road CLOSED, Latitude= 41.63240297613301, Longitude= -71.0053240088435,  (at simulation time 66.801,900,  (at simulation time 66.804,300
2023-11-20 22:22:37,124 INFO  - ,Broadcast V2X Message from ,rsu_2,veh_2, InterVehicleMsg{,30, 519,  41.632382935740885,  -71.0077086334615, Road CLOSED, Latitude= 41.63240297613301, Longitude= -71.0053240088435,  (at simulation time 66.902,400,  (at simulation time 66.903,300
2023-11-20 22:22:37,124 INFO  - ,Broadcast V2X Message from ,rsu_2,veh_2, InterVehicleMsg{,30, 520,  41.632382935740885,  -71.0077086334615, Road CLOSED, Latitude= 41.63240323277677, Longitude= -71.0053966450001,  (at simulation time 67.000,900,  (at simulation time 67.002,300
2023-11-20 22:22:37,124 INFO  - ,Broadcast V2X Message from ,rsu_2,veh_2, InterVehicleMsg{,30, 521,  41.632382935740885,  -71.0077086334615, Road CLOSED, Latitude= 41.63240323277677, Longitude= -71.0053966450001,  (at simulation time 67.100,400,  (at simulation time 67.100,800
2023-11-20 22:22:37,124 INFO  - ,Broadcast V2X Message from ,rsu_2,veh_2, InterVehicleMsg{,30, 522,  41.632382935740885,  -71.0077086334615, Road CLOSED, Latitude= 41.63240323277677, Longitude= -71.0053966450001,  (at simulation time 67.200,400,  (at simulation time 67.201,300
2023-11-20 22:22:37,124 INFO  - ,Broadcast V2X Message from ,rsu_2,veh_2, InterVehicleMsg{,30, 523,  41.632382935740885,  -71.0077086334615, Road CLOSED, Latitude= 41.63240323277677, Longitude= -71.0053966450001,  (at simulation time 67.302,400,  (at simulation time 67.302,800
2023-11-20 22:22:37,124 INFO  - ,Broadcast V2X Message from ,rsu_2,veh_2, InterVehicleMsg{,30, 524,  41.632382935740885,  -71.0077086334615, Road CLOSED, Latitude= 41.63240323277677, Longitude= -71.0053966450001,  (at simulation time 67.400,900,  (at simulation time 67.402,300
2023-11-20 22:22:37,124 INFO  - ,Broadcast V2X Message from ,rsu_2,veh_2, InterVehicleMsg{,30, 525,  41.632382935740885,  -71.0077086334615, Road CLOSED, Latitude= 41.63240323277677, Longitude= -71.0053966450001,  (at simulation time 67.500,900,  (at simulation time 67.503,300
2023-11-20 22:22:37,124 INFO  - ,Broadcast V2X Message from ,rsu_2,veh_2, InterVehicleMsg{,30, 526,  41.632382935740885,  -71.0077086334615, Road CLOSED, Latitude= 41.63240323277677, Longitude= -71.0053966450001,  (at simulation time 67.601,900,  (at simulation time 67.602,300
2023-11-20 22:22:37,124 INFO  - ,Broadcast V2X Message from ,rsu_2,veh_2, InterVehicleMsg{,30, 527,  41.632382935740885,  -71.0077086334615, Road CLOSED, Latitude= 41.63240323277677, Longitude= -71.0053966450001,  (at simulation time 67.701,900,  (at simulation time 67.702,800
2023-11-20 22:22:37,139 INFO  - ,Broadcast V2X Message from ,rsu_2,veh_2, InterVehicleMsg{,30, 528,  41.632382935740885,  -71.0077086334615, Road CLOSED, Latitude= 41.63240323277677, Longitude= -71.0053966450001,  (at simulation time 67.802,400,  (at simulation time 67.803,800
2023-11-20 22:22:37,139 INFO  - ,Broadcast V2X Message from ,rsu_2,veh_2, InterVehicleMsg{,30, 529,  41.632382935740885,  -71.0077086334615, Road CLOSED, Latitude= 41.63240323277677, Longitude= -71.0053966450001,  (at simulation time 67.901,900,  (at simulation time 67.902,800
2023-11-20 22:22:37,139 INFO  - ,Broadcast V2X Message from ,rsu_2,veh_2, InterVehicleMsg{,30, 530,  41.632382935740885,  -71.0077086334615, Road CLOSED, Latitude= 41.63241796667903, Longitude= -71.00546983834786,  (at simulation time 68.001,400,  (at simulation time 68.001,800
2023-11-20 22:22:37,139 INFO  - ,Broadcast V2X Message from ,rsu_2,veh_2, InterVehicleMsg{,30, 531,  41.632382935740885,  -71.0077086334615, Road CLOSED, Latitude= 41.63241796667903, Longitude= -71.00546983834786,  (at simulation time 68.101,900,  (at simulation time 68.102,800
2023-11-20 22:22:37,139 INFO  - ,Broadcast V2X Message from ,rsu_2,veh_2, InterVehicleMsg{,30, 532,  41.632382935740885,  -71.0077086334615, Road CLOSED, Latitude= 41.63241796667903, Longitude= -71.00546983834786,  (at simulation time 68.201,900,  (at simulation time 68.202,800
2023-11-20 22:22:37,139 INFO  - ,Broadcast V2X Message from ,rsu_2,veh_2, InterVehicleMsg{,30, 533,  41.632382935740885,  -71.0077086334615, Road CLOSED, Latitude= 41.63241796667903, Longitude= -71.00546983834786,  (at simulation time 68.301,900,  (at simulation time 68.303,300
2023-11-20 22:22:37,139 INFO  - ,Broadcast V2X Message from ,rsu_2,veh_2, InterVehicleMsg{,30, 534,  41.632382935740885,  -71.0077086334615, Road CLOSED, Latitude= 41.63241796667903, Longitude= -71.00546983834786,  (at simulation time 68.402,400,  (at simulation time 68.403,300
2023-11-20 22:22:37,139 INFO  - ,Broadcast V2X Message from ,rsu_2,veh_2, InterVehicleMsg{,30, 535,  41.632382935740885,  -71.0077086334615, Road CLOSED, Latitude= 41.63241796667903, Longitude= -71.00546983834786,  (at simulation time 68.502,400,  (at simulation time 68.502,800
2023-11-20 22:22:37,139 INFO  - ,Broadcast V2X Message from ,rsu_2,veh_2, InterVehicleMsg{,30, 536,  41.632382935740885,  -71.0077086334615, Road CLOSED, Latitude= 41.63241796667903, Longitude= -71.00546983834786,  (at simulation time 68.602,400,  (at simulation time 68.602,800
2023-11-20 22:22:37,139 INFO  - ,Broadcast V2X Message from ,rsu_2,veh_2, InterVehicleMsg{,30, 537,  41.632382935740885,  -71.0077086334615, Road CLOSED, Latitude= 41.63241796667903, Longitude= -71.00546983834786,  (at simulation time 68.701,400,  (at simulation time 68.701,800
2023-11-20 22:22:37,139 INFO  - ,Broadcast V2X Message from ,rsu_2,veh_2, InterVehicleMsg{,30, 538,  41.632382935740885,  -71.0077086334615, Road CLOSED, Latitude= 41.63241796667903, Longitude= -71.00546983834786,  (at simulation time 68.802,400,  (at simulation time 68.804,300
2023-11-20 22:22:37,139 INFO  - ,Broadcast V2X Message from ,rsu_2,veh_2, InterVehicleMsg{,30, 539,  41.632382935740885,  -71.0077086334615, Road CLOSED, Latitude= 41.63241796667903, Longitude= -71.00546983834786,  (at simulation time 68.900,400,  (at simulation time 68.901,300
2023-11-20 22:22:37,139 INFO  - ,Broadcast V2X Message from ,rsu_2,veh_2, InterVehicleMsg{,30, 540,  41.632382935740885,  -71.0077086334615, Road CLOSED, Latitude= 41.6323963025176, Longitude= -71.00554968959486,  (at simulation time 69.001,400,  (at simulation time 69.002,300
2023-11-20 22:22:37,139 INFO  - ,Broadcast V2X Message from ,rsu_2,veh_2, InterVehicleMsg{,30, 541,  41.632382935740885,  -71.0077086334615, Road CLOSED, Latitude= 41.6323963025176, Longitude= -71.00554968959486,  (at simulation time 69.101,900,  (at simulation time 69.104,300
2023-11-20 22:22:37,139 INFO  - ,Broadcast V2X Message from ,rsu_2,veh_2, InterVehicleMsg{,30, 542,  41.632382935740885,  -71.0077086334615, Road CLOSED, Latitude= 41.6323963025176, Longitude= -71.00554968959486,  (at simulation time 69.202,400,  (at simulation time 69.203,800
2023-11-20 22:22:37,139 INFO  - ,Broadcast V2X Message from ,rsu_2,veh_2, InterVehicleMsg{,30, 543,  41.632382935740885,  -71.0077086334615, Road CLOSED, Latitude= 41.6323963025176, Longitude= -71.00554968959486,  (at simulation time 69.300,900,  (at simulation time 69.301,800
2023-11-20 22:22:37,139 INFO  - ,Broadcast V2X Message from ,rsu_2,veh_2, InterVehicleMsg{,30, 544,  41.632382935740885,  -71.0077086334615, Road CLOSED, Latitude= 41.6323963025176, Longitude= -71.00554968959486,  (at simulation time 69.402,400,  (at simulation time 69.402,800
2023-11-20 22:22:37,139 INFO  - ,Broadcast V2X Message from ,rsu_2,veh_2, InterVehicleMsg{,30, 545,  41.632382935740885,  -71.0077086334615, Road CLOSED, Latitude= 41.6323963025176, Longitude= -71.00554968959486,  (at simulation time 69.500,900,  (at simulation time 69.502,300
2023-11-20 22:22:37,139 INFO  - ,Broadcast V2X Message from ,rsu_2,veh_2, InterVehicleMsg{,30, 546,  41.632382935740885,  -71.0077086334615, Road CLOSED, Latitude= 41.6323963025176, Longitude= -71.00554968959486,  (at simulation time 69.601,900,  (at simulation time 69.604,300
2023-11-20 22:22:37,139 INFO  - ,Broadcast V2X Message from ,rsu_2,veh_2, InterVehicleMsg{,30, 547,  41.632382935740885,  -71.0077086334615, Road CLOSED, Latitude= 41.6323963025176, Longitude= -71.00554968959486,  (at simulation time 69.701,900,  (at simulation time 69.704,300
2023-11-20 22:22:37,139 INFO  - ,Broadcast V2X Message from ,rsu_2,veh_2, InterVehicleMsg{,30, 548,  41.632382935740885,  -71.0077086334615, Road CLOSED, Latitude= 41.6323963025176, Longitude= -71.00554968959486,  (at simulation time 69.800,900,  (at simulation time 69.803,300
2023-11-20 22:22:37,139 INFO  - ,Broadcast V2X Message from ,rsu_2,veh_2, InterVehicleMsg{,30, 549,  41.632382935740885,  -71.0077086334615, Road CLOSED, Latitude= 41.6323963025176, Longitude= -71.00554968959486,  (at simulation time 69.901,400,  (at simulation time 69.903,300
2023-11-20 22:22:37,139 INFO  - ,Broadcast V2X Message from ,rsu_2,veh_2, InterVehicleMsg{,30, 550,  41.632382935740885,  -71.0077086334615, Road CLOSED, Latitude= 41.63239482187357, Longitude= -71.00563452119344,  (at simulation time 70.002,400,  (at simulation time 70.004,800
2023-11-20 22:22:37,139 INFO  - ,Broadcast V2X Message from ,rsu_2,veh_2, InterVehicleMsg{,30, 551,  41.632382935740885,  -71.0077086334615, Road CLOSED, Latitude= 41.63239482187357, Longitude= -71.00563452119344,  (at simulation time 70.100,900,  (at simulation time 70.101,800
2023-11-20 22:22:37,139 INFO  - ,Broadcast V2X Message from ,rsu_2,veh_2, InterVehicleMsg{,30, 552,  41.632382935740885,  -71.0077086334615, Road CLOSED, Latitude= 41.63239482187357, Longitude= -71.00563452119344,  (at simulation time 70.202,400,  (at simulation time 70.204,800
2023-11-20 22:22:37,139 INFO  - ,Broadcast V2X Message from ,rsu_2,veh_2, InterVehicleMsg{,30, 553,  41.632382935740885,  -71.0077086334615, Road CLOSED, Latitude= 41.63239482187357, Longitude= -71.00563452119344,  (at simulation time 70.301,400,  (at simulation time 70.303,800
2023-11-20 22:22:37,139 INFO  - ,Broadcast V2X Message from ,rsu_2,veh_2, InterVehicleMsg{,30, 554,  41.632382935740885,  -71.0077086334615, Road CLOSED, Latitude= 41.63239482187357, Longitude= -71.00563452119344,  (at simulation time 70.400,900,  (at simulation time 70.401,300
2023-11-20 22:22:37,139 INFO  - ,Broadcast V2X Message from ,rsu_2,veh_2, InterVehicleMsg{,30, 555,  41.632382935740885,  -71.0077086334615, Road CLOSED, Latitude= 41.63239482187357, Longitude= -71.00563452119344,  (at simulation time 70.500,400,  (at simulation time 70.502,300
2023-11-20 22:22:37,139 INFO  - ,Broadcast V2X Message from ,rsu_2,veh_2, InterVehicleMsg{,30, 556,  41.632382935740885,  -71.0077086334615, Road CLOSED, Latitude= 41.63239482187357, Longitude= -71.00563452119344,  (at simulation time 70.600,400,  (at simulation time 70.600,800
2023-11-20 22:22:37,139 INFO  - ,Broadcast V2X Message from ,rsu_2,veh_2, InterVehicleMsg{,30, 557,  41.632382935740885,  -71.0077086334615, Road CLOSED, Latitude= 41.63239482187357, Longitude= -71.00563452119344,  (at simulation time 70.700,400,  (at simulation time 70.700,800
2023-11-20 22:22:37,139 INFO  - ,Broadcast V2X Message from ,rsu_2,veh_2, InterVehicleMsg{,30, 558,  41.632382935740885,  -71.0077086334615, Road CLOSED, Latitude= 41.63239482187357, Longitude= -71.00563452119344,  (at simulation time 70.801,900,  (at simulation time 70.802,800
2023-11-20 22:22:37,139 INFO  - ,Broadcast V2X Message from ,rsu_2,veh_2, InterVehicleMsg{,30, 559,  41.632382935740885,  -71.0077086334615, Road CLOSED, Latitude= 41.63239482187357, Longitude= -71.00563452119344,  (at simulation time 70.900,400,  (at simulation time 70.902,300
2023-11-20 22:22:37,139 INFO  - ,Broadcast V2X Message from ,rsu_2,veh_2, InterVehicleMsg{,30, 560,  41.632382935740885,  -71.0077086334615, Road CLOSED, Latitude= 41.63239096145083, Longitude= -71.00571923928561,  (at simulation time 71.001,900,  (at simulation time 71.003,300
2023-11-20 22:22:37,139 INFO  - ,Broadcast V2X Message from ,rsu_2,veh_2, InterVehicleMsg{,30, 561,  41.632382935740885,  -71.0077086334615, Road CLOSED, Latitude= 41.63239096145083, Longitude= -71.00571923928561,  (at simulation time 71.101,900,  (at simulation time 71.102,300
2023-11-20 22:22:37,139 INFO  - ,Broadcast V2X Message from ,rsu_2,veh_2, InterVehicleMsg{,30, 562,  41.632382935740885,  -71.0077086334615, Road CLOSED, Latitude= 41.63239096145083, Longitude= -71.00571923928561,  (at simulation time 71.200,900,  (at simulation time 71.202,300
2023-11-20 22:22:37,139 INFO  - ,Broadcast V2X Message from ,rsu_2,veh_2, InterVehicleMsg{,30, 563,  41.632382935740885,  -71.0077086334615, Road CLOSED, Latitude= 41.63239096145083, Longitude= -71.00571923928561,  (at simulation time 71.301,400,  (at simulation time 71.302,300
2023-11-20 22:22:37,139 INFO  - ,Broadcast V2X Message from ,rsu_2,veh_2, InterVehicleMsg{,30, 564,  41.632382935740885,  -71.0077086334615, Road CLOSED, Latitude= 41.63239096145083, Longitude= -71.00571923928561,  (at simulation time 71.401,900,  (at simulation time 71.402,800
2023-11-20 22:22:37,139 INFO  - ,Broadcast V2X Message from ,rsu_2,veh_2, InterVehicleMsg{,30, 565,  41.632382935740885,  -71.0077086334615, Road CLOSED, Latitude= 41.63239096145083, Longitude= -71.00571923928561,  (at simulation time 71.501,900,  (at simulation time 71.503,300
2023-11-20 22:22:37,139 INFO  - ,Broadcast V2X Message from ,rsu_2,veh_2, InterVehicleMsg{,30, 566,  41.632382935740885,  -71.0077086334615, Road CLOSED, Latitude= 41.63239096145083, Longitude= -71.00571923928561,  (at simulation time 71.600,400,  (at simulation time 71.600,800
2023-11-20 22:22:37,139 INFO  - ,Broadcast V2X Message from ,rsu_2,veh_2, InterVehicleMsg{,30, 567,  41.632382935740885,  -71.0077086334615, Road CLOSED, Latitude= 41.63239096145083, Longitude= -71.00571923928561,  (at simulation time 71.701,900,  (at simulation time 71.703,300
2023-11-20 22:22:37,139 INFO  - ,Broadcast V2X Message from ,rsu_2,veh_2, InterVehicleMsg{,30, 568,  41.632382935740885,  -71.0077086334615, Road CLOSED, Latitude= 41.63239096145083, Longitude= -71.00571923928561,  (at simulation time 71.801,900,  (at simulation time 71.803,800
2023-11-20 22:22:37,139 INFO  - ,Broadcast V2X Message from ,rsu_2,veh_2, InterVehicleMsg{,30, 569,  41.632382935740885,  -71.0077086334615, Road CLOSED, Latitude= 41.63239096145083, Longitude= -71.00571923928561,  (at simulation time 71.902,400,  (at simulation time 71.904,800
2023-11-20 22:22:37,139 INFO  - ,Broadcast V2X Message from ,rsu_2,veh_2, InterVehicleMsg{,30, 570,  41.632382935740885,  -71.0077086334615, Road CLOSED, Latitude= 41.63238592170144, Longitude= -71.00580807807444,  (at simulation time 72.000,900,  (at simulation time 72.002,300
2023-11-20 22:22:37,139 INFO  - ,Broadcast V2X Message from ,rsu_2,veh_2, InterVehicleMsg{,30, 571,  41.632382935740885,  -71.0077086334615, Road CLOSED, Latitude= 41.63238592170144, Longitude= -71.00580807807444,  (at simulation time 72.101,400,  (at simulation time 72.103,300
2023-11-20 22:22:37,139 INFO  - ,Broadcast V2X Message from ,rsu_2,veh_2, InterVehicleMsg{,30, 572,  41.632382935740885,  -71.0077086334615, Road CLOSED, Latitude= 41.63238592170144, Longitude= -71.00580807807444,  (at simulation time 72.201,400,  (at simulation time 72.201,800
2023-11-20 22:22:37,139 INFO  - ,Broadcast V2X Message from ,rsu_2,veh_2, InterVehicleMsg{,30, 573,  41.632382935740885,  -71.0077086334615, Road CLOSED, Latitude= 41.63238592170144, Longitude= -71.00580807807444,  (at simulation time 72.300,400,  (at simulation time 72.301,300
2023-11-20 22:22:37,139 INFO  - ,Broadcast V2X Message from ,rsu_2,veh_2, InterVehicleMsg{,30, 574,  41.632382935740885,  -71.0077086334615, Road CLOSED, Latitude= 41.63238592170144, Longitude= -71.00580807807444,  (at simulation time 72.400,900,  (at simulation time 72.401,800
2023-11-20 22:22:37,139 INFO  - ,Broadcast V2X Message from ,rsu_2,veh_2, InterVehicleMsg{,30, 575,  41.632382935740885,  -71.0077086334615, Road CLOSED, Latitude= 41.63238592170144, Longitude= -71.00580807807444,  (at simulation time 72.500,900,  (at simulation time 72.501,800
2023-11-20 22:22:37,139 INFO  - ,Broadcast V2X Message from ,rsu_2,veh_2, InterVehicleMsg{,30, 576,  41.632382935740885,  -71.0077086334615, Road CLOSED, Latitude= 41.63238592170144, Longitude= -71.00580807807444,  (at simulation time 72.601,900,  (at simulation time 72.603,300
2023-11-20 22:22:37,139 INFO  - ,Broadcast V2X Message from ,rsu_2,veh_2, InterVehicleMsg{,30, 577,  41.632382935740885,  -71.0077086334615, Road CLOSED, Latitude= 41.63238592170144, Longitude= -71.00580807807444,  (at simulation time 72.701,400,  (at simulation time 72.703,300
2023-11-20 22:22:37,139 INFO  - ,Broadcast V2X Message from ,rsu_2,veh_2, InterVehicleMsg{,30, 578,  41.632382935740885,  -71.0077086334615, Road CLOSED, Latitude= 41.63238592170144, Longitude= -71.00580807807444,  (at simulation time 72.800,400,  (at simulation time 72.802,300
2023-11-20 22:22:37,139 INFO  - ,Broadcast V2X Message from ,rsu_2,veh_2, InterVehicleMsg{,30, 579,  41.632382935740885,  -71.0077086334615, Road CLOSED, Latitude= 41.63238592170144, Longitude= -71.00580807807444,  (at simulation time 72.901,900,  (at simulation time 72.904,300
2023-11-20 22:22:37,155 INFO  - ,Broadcast V2X Message from ,rsu_2,veh_2, InterVehicleMsg{,30, 580,  41.632382935740885,  -71.0077086334615, Road CLOSED, Latitude= 41.63238183842393, Longitude= -71.00588005564366,  (at simulation time 73.001,900,  (at simulation time 73.003,300
2023-11-20 22:22:37,155 INFO  - ,Broadcast V2X Message from ,rsu_2,veh_2, InterVehicleMsg{,30, 581,  41.632382935740885,  -71.0077086334615, Road CLOSED, Latitude= 41.63238183842393, Longitude= -71.00588005564366,  (at simulation time 73.100,400,  (at simulation time 73.102,800
2023-11-20 22:22:37,155 INFO  - ,Broadcast V2X Message from ,rsu_2,veh_2, InterVehicleMsg{,30, 582,  41.632382935740885,  -71.0077086334615, Road CLOSED, Latitude= 41.63238183842393, Longitude= -71.00588005564366,  (at simulation time 73.201,900,  (at simulation time 73.204,300
2023-11-20 22:22:37,155 INFO  - ,Broadcast V2X Message from ,rsu_2,veh_2, InterVehicleMsg{,30, 583,  41.632382935740885,  -71.0077086334615, Road CLOSED, Latitude= 41.63238183842393, Longitude= -71.00588005564366,  (at simulation time 73.300,900,  (at simulation time 73.302,300
2023-11-20 22:22:37,155 INFO  - ,Broadcast V2X Message from ,rsu_2,veh_2, InterVehicleMsg{,30, 584,  41.632382935740885,  -71.0077086334615, Road CLOSED, Latitude= 41.63238183842393, Longitude= -71.00588005564366,  (at simulation time 73.402,400,  (at simulation time 73.403,800
2023-11-20 22:22:37,155 INFO  - ,Broadcast V2X Message from ,rsu_2,veh_2, InterVehicleMsg{,30, 585,  41.632382935740885,  -71.0077086334615, Road CLOSED, Latitude= 41.63238183842393, Longitude= -71.00588005564366,  (at simulation time 73.502,400,  (at simulation time 73.504,800
2023-11-20 22:22:37,155 INFO  - ,Broadcast V2X Message from ,rsu_2,veh_2, InterVehicleMsg{,30, 586,  41.632382935740885,  -71.0077086334615, Road CLOSED, Latitude= 41.63238183842393, Longitude= -71.00588005564366,  (at simulation time 73.602,400,  (at simulation time 73.602,800
2023-11-20 22:22:37,155 INFO  - ,Broadcast V2X Message from ,rsu_2,veh_2, InterVehicleMsg{,30, 587,  41.632382935740885,  -71.0077086334615, Road CLOSED, Latitude= 41.63238183842393, Longitude= -71.00588005564366,  (at simulation time 73.700,900,  (at simulation time 73.703,300
2023-11-20 22:22:37,155 INFO  - ,Broadcast V2X Message from ,rsu_2,veh_2, InterVehicleMsg{,30, 588,  41.632382935740885,  -71.0077086334615, Road CLOSED, Latitude= 41.63238183842393, Longitude= -71.00588005564366,  (at simulation time 73.801,400,  (at simulation time 73.801,800
2023-11-20 22:22:37,155 INFO  - ,Broadcast V2X Message from ,rsu_2,veh_2, InterVehicleMsg{,30, 589,  41.632382935740885,  -71.0077086334615, Road CLOSED, Latitude= 41.63238183842393, Longitude= -71.00588005564366,  (at simulation time 73.901,900,  (at simulation time 73.904,300
2023-11-20 22:22:37,155 INFO  - ,Broadcast V2X Message from ,rsu_2,veh_2, InterVehicleMsg{,30, 590,  41.632382935740885,  -71.0077086334615, Road CLOSED, Latitude= 41.63237685859513, Longitude= -71.0059678359963,  (at simulation time 74.001,400,  (at simulation time 74.003,800
2023-11-20 22:22:37,155 INFO  - ,Broadcast V2X Message from ,rsu_2,veh_2, InterVehicleMsg{,30, 591,  41.632382935740885,  -71.0077086334615, Road CLOSED, Latitude= 41.63237685859513, Longitude= -71.0059678359963,  (at simulation time 74.102,400,  (at simulation time 74.104,300
2023-11-20 22:22:37,155 INFO  - ,Broadcast V2X Message from ,rsu_2,veh_2, InterVehicleMsg{,30, 592,  41.632382935740885,  -71.0077086334615, Road CLOSED, Latitude= 41.63237685859513, Longitude= -71.0059678359963,  (at simulation time 74.201,400,  (at simulation time 74.202,800
2023-11-20 22:22:37,155 INFO  - ,Broadcast V2X Message from ,rsu_2,veh_2, InterVehicleMsg{,30, 593,  41.632382935740885,  -71.0077086334615, Road CLOSED, Latitude= 41.63237685859513, Longitude= -71.0059678359963,  (at simulation time 74.300,900,  (at simulation time 74.301,300
2023-11-20 22:22:37,155 INFO  - ,Broadcast V2X Message from ,rsu_2,veh_2, InterVehicleMsg{,30, 594,  41.632382935740885,  -71.0077086334615, Road CLOSED, Latitude= 41.63237685859513, Longitude= -71.0059678359963,  (at simulation time 74.402,400,  (at simulation time 74.404,300
2023-11-20 22:22:37,155 INFO  - ,Broadcast V2X Message from ,rsu_2,veh_2, InterVehicleMsg{,30, 595,  41.632382935740885,  -71.0077086334615, Road CLOSED, Latitude= 41.63237685859513, Longitude= -71.0059678359963,  (at simulation time 74.501,400,  (at simulation time 74.502,300
2023-11-20 22:22:37,155 INFO  - ,Broadcast V2X Message from ,rsu_2,veh_2, InterVehicleMsg{,30, 596,  41.632382935740885,  -71.0077086334615, Road CLOSED, Latitude= 41.63237685859513, Longitude= -71.0059678359963,  (at simulation time 74.601,900,  (at simulation time 74.603,300
2023-11-20 22:22:37,155 INFO  - ,Broadcast V2X Message from ,rsu_2,veh_2, InterVehicleMsg{,30, 597,  41.632382935740885,  -71.0077086334615, Road CLOSED, Latitude= 41.63237685859513, Longitude= -71.0059678359963,  (at simulation time 74.700,900,  (at simulation time 74.702,800
2023-11-20 22:22:37,155 INFO  - ,Broadcast V2X Message from ,rsu_2,veh_2, InterVehicleMsg{,30, 598,  41.632382935740885,  -71.0077086334615, Road CLOSED, Latitude= 41.63237685859513, Longitude= -71.0059678359963,  (at simulation time 74.802,400,  (at simulation time 74.804,800
2023-11-20 22:22:37,155 INFO  - ,Broadcast V2X Message from ,rsu_2,veh_2, InterVehicleMsg{,30, 599,  41.632382935740885,  -71.0077086334615, Road CLOSED, Latitude= 41.63237685859513, Longitude= -71.0059678359963,  (at simulation time 74.900,400,  (at simulation time 74.902,300
2023-11-20 22:22:37,155 INFO  - ,Broadcast V2X Message from ,rsu_2,veh_2, InterVehicleMsg{,30, 600,  41.632382935740885,  -71.0077086334615, Road CLOSED, Latitude= 41.63237248482299, Longitude= -71.00604493229267,  (at simulation time 75.000,900,  (at simulation time 75.002,300
2023-11-20 22:22:37,155 INFO  - ,Broadcast V2X Message from ,rsu_2,veh_2, InterVehicleMsg{,30, 601,  41.632382935740885,  -71.0077086334615, Road CLOSED, Latitude= 41.63237248482299, Longitude= -71.00604493229267,  (at simulation time 75.101,900,  (at simulation time 75.103,300
2023-11-20 22:22:37,155 INFO  - ,Broadcast V2X Message from ,rsu_2,veh_2, InterVehicleMsg{,30, 602,  41.632382935740885,  -71.0077086334615, Road CLOSED, Latitude= 41.63237248482299, Longitude= -71.00604493229267,  (at simulation time 75.201,900,  (at simulation time 75.202,300
2023-11-20 22:22:37,155 INFO  - ,Broadcast V2X Message from ,rsu_2,veh_2, InterVehicleMsg{,30, 603,  41.632382935740885,  -71.0077086334615, Road CLOSED, Latitude= 41.63237248482299, Longitude= -71.00604493229267,  (at simulation time 75.301,900,  (at simulation time 75.304,300
2023-11-20 22:22:37,155 INFO  - ,Broadcast V2X Message from ,rsu_2,veh_2, InterVehicleMsg{,30, 604,  41.632382935740885,  -71.0077086334615, Road CLOSED, Latitude= 41.63237248482299, Longitude= -71.00604493229267,  (at simulation time 75.400,900,  (at simulation time 75.401,800
2023-11-20 22:22:37,155 INFO  - ,Broadcast V2X Message from ,rsu_2,veh_2, InterVehicleMsg{,30, 605,  41.632382935740885,  -71.0077086334615, Road CLOSED, Latitude= 41.63237248482299, Longitude= -71.00604493229267,  (at simulation time 75.500,400,  (at simulation time 75.501,300
2023-11-20 22:22:37,155 INFO  - ,Broadcast V2X Message from ,rsu_2,veh_2, InterVehicleMsg{,30, 606,  41.632382935740885,  -71.0077086334615, Road CLOSED, Latitude= 41.63237248482299, Longitude= -71.00604493229267,  (at simulation time 75.600,400,  (at simulation time 75.600,800
2023-11-20 22:22:37,155 INFO  - ,Broadcast V2X Message from ,rsu_2,veh_2, InterVehicleMsg{,30, 607,  41.632382935740885,  -71.0077086334615, Road CLOSED, Latitude= 41.63237248482299, Longitude= -71.00604493229267,  (at simulation time 75.702,400,  (at simulation time 75.704,800
2023-11-20 22:22:37,155 INFO  - ,Broadcast V2X Message from ,rsu_2,veh_2, InterVehicleMsg{,30, 608,  41.632382935740885,  -71.0077086334615, Road CLOSED, Latitude= 41.63237248482299, Longitude= -71.00604493229267,  (at simulation time 75.801,900,  (at simulation time 75.802,800
2023-11-20 22:22:37,155 INFO  - ,Broadcast V2X Message from ,rsu_2,veh_2, InterVehicleMsg{,30, 609,  41.632382935740885,  -71.0077086334615, Road CLOSED, Latitude= 41.63237248482299, Longitude= -71.00604493229267,  (at simulation time 75.902,400,  (at simulation time 75.904,300
2023-11-20 22:22:37,155 INFO  - ,Broadcast V2X Message from ,rsu_2,veh_2, InterVehicleMsg{,30, 610,  41.632382935740885,  -71.0077086334615, Road CLOSED, Latitude= 41.632372219668895, Longitude= -71.00613930681976,  (at simulation time 76.001,900,  (at simulation time 76.004,300
2023-11-20 22:22:37,155 INFO  - ,Broadcast V2X Message from ,rsu_2,veh_2, InterVehicleMsg{,30, 611,  41.632382935740885,  -71.0077086334615, Road CLOSED, Latitude= 41.632372219668895, Longitude= -71.00613930681976,  (at simulation time 76.100,900,  (at simulation time 76.102,800
2023-11-20 22:22:37,155 INFO  - ,Broadcast V2X Message from ,rsu_2,veh_2, InterVehicleMsg{,30, 612,  41.632382935740885,  -71.0077086334615, Road CLOSED, Latitude= 41.632372219668895, Longitude= -71.00613930681976,  (at simulation time 76.200,900,  (at simulation time 76.202,800
2023-11-20 22:22:37,155 INFO  - ,Broadcast V2X Message from ,rsu_2,veh_2, InterVehicleMsg{,30, 613,  41.632382935740885,  -71.0077086334615, Road CLOSED, Latitude= 41.632372219668895, Longitude= -71.00613930681976,  (at simulation time 76.300,400,  (at simulation time 76.301,800
2023-11-20 22:22:37,155 INFO  - ,Broadcast V2X Message from ,rsu_2,veh_2, InterVehicleMsg{,30, 614,  41.632382935740885,  -71.0077086334615, Road CLOSED, Latitude= 41.632372219668895, Longitude= -71.00613930681976,  (at simulation time 76.402,400,  (at simulation time 76.402,800
2023-11-20 22:22:37,155 INFO  - ,Broadcast V2X Message from ,rsu_2,veh_2, InterVehicleMsg{,30, 615,  41.632382935740885,  -71.0077086334615, Road CLOSED, Latitude= 41.632372219668895, Longitude= -71.00613930681976,  (at simulation time 76.502,400,  (at simulation time 76.503,800
2023-11-20 22:22:37,155 INFO  - ,Broadcast V2X Message from ,rsu_2,veh_2, InterVehicleMsg{,30, 616,  41.632382935740885,  -71.0077086334615, Road CLOSED, Latitude= 41.632372219668895, Longitude= -71.00613930681976,  (at simulation time 76.601,400,  (at simulation time 76.603,300
2023-11-20 22:22:37,155 INFO  - ,Broadcast V2X Message from ,rsu_2,veh_2, InterVehicleMsg{,30, 617,  41.632382935740885,  -71.0077086334615, Road CLOSED, Latitude= 41.632372219668895, Longitude= -71.00613930681976,  (at simulation time 76.701,400,  (at simulation time 76.703,800
2023-11-20 22:22:37,155 INFO  - ,Broadcast V2X Message from ,rsu_2,veh_2, InterVehicleMsg{,30, 618,  41.632382935740885,  -71.0077086334615, Road CLOSED, Latitude= 41.632372219668895, Longitude= -71.00613930681976,  (at simulation time 76.801,400,  (at simulation time 76.802,800
2023-11-20 22:22:37,155 INFO  - ,Broadcast V2X Message from ,rsu_2,veh_2, InterVehicleMsg{,30, 619,  41.632382935740885,  -71.0077086334615, Road CLOSED, Latitude= 41.632372219668895, Longitude= -71.00613930681976,  (at simulation time 76.900,900,  (at simulation time 76.901,300
2023-11-20 22:22:37,155 INFO  - ,Broadcast V2X Message from ,rsu_2,veh_2, InterVehicleMsg{,30, 620,  41.632382935740885,  -71.0077086334615, Road CLOSED, Latitude= 41.632388167896465, Longitude= -71.00622587622411,  (at simulation time 77.002,400,  (at simulation time 77.003,800
2023-11-20 22:22:37,155 INFO  - ,Broadcast V2X Message from ,rsu_2,veh_2, InterVehicleMsg{,30, 621,  41.632382935740885,  -71.0077086334615, Road CLOSED, Latitude= 41.632388167896465, Longitude= -71.00622587622411,  (at simulation time 77.100,900,  (at simulation time 77.102,800
2023-11-20 22:22:37,155 INFO  - ,Broadcast V2X Message from ,rsu_2,veh_2, InterVehicleMsg{,30, 622,  41.632382935740885,  -71.0077086334615, Road CLOSED, Latitude= 41.632388167896465, Longitude= -71.00622587622411,  (at simulation time 77.202,400,  (at simulation time 77.203,300
2023-11-20 22:22:37,155 INFO  - ,Broadcast V2X Message from ,rsu_2,veh_2, InterVehicleMsg{,30, 623,  41.632382935740885,  -71.0077086334615, Road CLOSED, Latitude= 41.632388167896465, Longitude= -71.00622587622411,  (at simulation time 77.302,400,  (at simulation time 77.302,800
2023-11-20 22:22:37,155 INFO  - ,Broadcast V2X Message from ,rsu_2,veh_2, InterVehicleMsg{,30, 624,  41.632382935740885,  -71.0077086334615, Road CLOSED, Latitude= 41.632388167896465, Longitude= -71.00622587622411,  (at simulation time 77.401,400,  (at simulation time 77.401,800
2023-11-20 22:22:37,155 INFO  - ,Broadcast V2X Message from ,rsu_2,veh_2, InterVehicleMsg{,30, 625,  41.632382935740885,  -71.0077086334615, Road CLOSED, Latitude= 41.632388167896465, Longitude= -71.00622587622411,  (at simulation time 77.502,400,  (at simulation time 77.503,800
2023-11-20 22:22:37,155 INFO  - ,Broadcast V2X Message from ,rsu_2,veh_2, InterVehicleMsg{,30, 626,  41.632382935740885,  -71.0077086334615, Road CLOSED, Latitude= 41.632388167896465, Longitude= -71.00622587622411,  (at simulation time 77.600,900,  (at simulation time 77.601,800
2023-11-20 22:22:37,155 INFO  - ,Broadcast V2X Message from ,rsu_2,veh_2, InterVehicleMsg{,30, 627,  41.632382935740885,  -71.0077086334615, Road CLOSED, Latitude= 41.632388167896465, Longitude= -71.00622587622411,  (at simulation time 77.701,400,  (at simulation time 77.703,800
2023-11-20 22:22:37,155 INFO  - ,Broadcast V2X Message from ,rsu_2,veh_2, InterVehicleMsg{,30, 628,  41.632382935740885,  -71.0077086334615, Road CLOSED, Latitude= 41.632388167896465, Longitude= -71.00622587622411,  (at simulation time 77.800,900,  (at simulation time 77.801,800
2023-11-20 22:22:37,155 INFO  - ,Broadcast V2X Message from ,rsu_2,veh_2, InterVehicleMsg{,30, 629,  41.632382935740885,  -71.0077086334615, Road CLOSED, Latitude= 41.632388167896465, Longitude= -71.00622587622411,  (at simulation time 77.901,400,  (at simulation time 77.903,300
2023-11-20 22:22:37,171 INFO  - ,Broadcast V2X Message from ,rsu_2,veh_2, InterVehicleMsg{,30, 630,  41.632382935740885,  -71.0077086334615, Road CLOSED, Latitude= 41.632415323638995, Longitude= -71.0062959870549,  (at simulation time 78.002,400,  (at simulation time 78.002,800
2023-11-20 22:22:37,171 INFO  - ,Broadcast V2X Message from ,rsu_2,veh_2, InterVehicleMsg{,30, 631,  41.632382935740885,  -71.0077086334615, Road CLOSED, Latitude= 41.632415323638995, Longitude= -71.0062959870549,  (at simulation time 78.100,400,  (at simulation time 78.102,800
2023-11-20 22:22:37,171 INFO  - ,Broadcast V2X Message from ,rsu_2,veh_2, InterVehicleMsg{,30, 632,  41.632382935740885,  -71.0077086334615, Road CLOSED, Latitude= 41.632415323638995, Longitude= -71.0062959870549,  (at simulation time 78.200,400,  (at simulation time 78.202,800
2023-11-20 22:22:37,171 INFO  - ,Broadcast V2X Message from ,rsu_2,veh_2, InterVehicleMsg{,30, 633,  41.632382935740885,  -71.0077086334615, Road CLOSED, Latitude= 41.632415323638995, Longitude= -71.0062959870549,  (at simulation time 78.301,400,  (at simulation time 78.303,300
2023-11-20 22:22:37,171 INFO  - ,Broadcast V2X Message from ,rsu_2,veh_2, InterVehicleMsg{,30, 634,  41.632382935740885,  -71.0077086334615, Road CLOSED, Latitude= 41.632415323638995, Longitude= -71.0062959870549,  (at simulation time 78.401,400,  (at simulation time 78.402,300
2023-11-20 22:22:37,171 INFO  - ,Broadcast V2X Message from ,rsu_2,veh_2, InterVehicleMsg{,30, 635,  41.632382935740885,  -71.0077086334615, Road CLOSED, Latitude= 41.632415323638995, Longitude= -71.0062959870549,  (at simulation time 78.502,400,  (at simulation time 78.503,800
2023-11-20 22:22:37,171 INFO  - ,Broadcast V2X Message from ,rsu_2,veh_2, InterVehicleMsg{,30, 636,  41.632382935740885,  -71.0077086334615, Road CLOSED, Latitude= 41.632415323638995, Longitude= -71.0062959870549,  (at simulation time 78.600,900,  (at simulation time 78.602,300
2023-11-20 22:22:37,171 INFO  - ,Broadcast V2X Message from ,rsu_2,veh_2, InterVehicleMsg{,30, 637,  41.632382935740885,  -71.0077086334615, Road CLOSED, Latitude= 41.632415323638995, Longitude= -71.0062959870549,  (at simulation time 78.701,900,  (at simulation time 78.703,800
2023-11-20 22:22:37,171 INFO  - ,Broadcast V2X Message from ,rsu_2,veh_2, InterVehicleMsg{,30, 638,  41.632382935740885,  -71.0077086334615, Road CLOSED, Latitude= 41.632415323638995, Longitude= -71.0062959870549,  (at simulation time 78.801,400,  (at simulation time 78.802,300
2023-11-20 22:22:37,171 INFO  - ,Broadcast V2X Message from ,rsu_2,veh_2, InterVehicleMsg{,30, 639,  41.632382935740885,  -71.0077086334615, Road CLOSED, Latitude= 41.632415323638995, Longitude= -71.0062959870549,  (at simulation time 78.902,400,  (at simulation time 78.902,800
2023-11-20 22:22:37,171 INFO  - ,Broadcast V2X Message from ,rsu_2,veh_2, InterVehicleMsg{,30, 640,  41.632382935740885,  -71.0077086334615, Road CLOSED, Latitude= 41.63245443004722, Longitude= -71.00635829083944,  (at simulation time 79.000,900,  (at simulation time 79.001,300
2023-11-20 22:22:37,171 INFO  - ,Broadcast V2X Message from ,rsu_2,veh_2, InterVehicleMsg{,30, 641,  41.632382935740885,  -71.0077086334615, Road CLOSED, Latitude= 41.63245443004722, Longitude= -71.00635829083944,  (at simulation time 79.100,900,  (at simulation time 79.103,300
2023-11-20 22:22:37,171 INFO  - ,Broadcast V2X Message from ,rsu_2,veh_2, InterVehicleMsg{,30, 642,  41.632382935740885,  -71.0077086334615, Road CLOSED, Latitude= 41.63245443004722, Longitude= -71.00635829083944,  (at simulation time 79.201,400,  (at simulation time 79.203,300
2023-11-20 22:22:37,171 INFO  - ,Broadcast V2X Message from ,rsu_2,veh_2, InterVehicleMsg{,30, 643,  41.632382935740885,  -71.0077086334615, Road CLOSED, Latitude= 41.63245443004722, Longitude= -71.00635829083944,  (at simulation time 79.301,400,  (at simulation time 79.303,300
2023-11-20 22:22:37,171 INFO  - ,Broadcast V2X Message from ,rsu_2,veh_2, InterVehicleMsg{,30, 644,  41.632382935740885,  -71.0077086334615, Road CLOSED, Latitude= 41.63245443004722, Longitude= -71.00635829083944,  (at simulation time 79.402,400,  (at simulation time 79.403,800
2023-11-20 22:22:37,171 INFO  - ,Broadcast V2X Message from ,rsu_2,veh_2, InterVehicleMsg{,30, 645,  41.632382935740885,  -71.0077086334615, Road CLOSED, Latitude= 41.63245443004722, Longitude= -71.00635829083944,  (at simulation time 79.502,400,  (at simulation time 79.503,300
2023-11-20 22:22:37,171 INFO  - ,Broadcast V2X Message from ,rsu_2,veh_2, InterVehicleMsg{,30, 646,  41.632382935740885,  -71.0077086334615, Road CLOSED, Latitude= 41.63245443004722, Longitude= -71.00635829083944,  (at simulation time 79.601,900,  (at simulation time 79.602,300
2023-11-20 22:22:37,171 INFO  - ,Broadcast V2X Message from ,rsu_2,veh_2, InterVehicleMsg{,30, 647,  41.632382935740885,  -71.0077086334615, Road CLOSED, Latitude= 41.63245443004722, Longitude= -71.00635829083944,  (at simulation time 79.700,400,  (at simulation time 79.702,800
2023-11-20 22:22:37,171 INFO  - ,Broadcast V2X Message from ,rsu_2,veh_2, InterVehicleMsg{,30, 648,  41.632382935740885,  -71.0077086334615, Road CLOSED, Latitude= 41.63245443004722, Longitude= -71.00635829083944,  (at simulation time 79.800,900,  (at simulation time 79.802,300
2023-11-20 22:22:37,171 INFO  - ,Broadcast V2X Message from ,rsu_2,veh_2, InterVehicleMsg{,30, 649,  41.632382935740885,  -71.0077086334615, Road CLOSED, Latitude= 41.63245443004722, Longitude= -71.00635829083944,  (at simulation time 79.901,400,  (at simulation time 79.902,800
2023-11-20 22:22:37,171 INFO  - ,Broadcast V2X Message from ,rsu_2,veh_2, InterVehicleMsg{,30, 650,  41.632382935740885,  -71.0077086334615, Road CLOSED, Latitude= 41.63249634239545, Longitude= -71.00640163996853,  (at simulation time 80.000,400,  (at simulation time 80.002,300
2023-11-20 22:22:37,171 INFO  - ,Broadcast V2X Message from ,rsu_2,veh_2, InterVehicleMsg{,30, 651,  41.632382935740885,  -71.0077086334615, Road CLOSED, Latitude= 41.63249634239545, Longitude= -71.00640163996853,  (at simulation time 80.100,400,  (at simulation time 80.100,800
2023-11-20 22:22:37,171 INFO  - ,Broadcast V2X Message from ,rsu_2,veh_2, InterVehicleMsg{,30, 652,  41.632382935740885,  -71.0077086334615, Road CLOSED, Latitude= 41.63249634239545, Longitude= -71.00640163996853,  (at simulation time 80.200,900,  (at simulation time 80.203,300
2023-11-20 22:22:37,171 INFO  - ,Broadcast V2X Message from ,rsu_2,veh_2, InterVehicleMsg{,30, 653,  41.632382935740885,  -71.0077086334615, Road CLOSED, Latitude= 41.63249634239545, Longitude= -71.00640163996853,  (at simulation time 80.300,900,  (at simulation time 80.301,300
2023-11-20 22:22:37,171 INFO  - ,Broadcast V2X Message from ,rsu_2,veh_2, InterVehicleMsg{,30, 654,  41.632382935740885,  -71.0077086334615, Road CLOSED, Latitude= 41.63249634239545, Longitude= -71.00640163996853,  (at simulation time 80.401,900,  (at simulation time 80.402,300
2023-11-20 22:22:37,171 INFO  - ,Broadcast V2X Message from ,rsu_2,veh_2, InterVehicleMsg{,30, 655,  41.632382935740885,  -71.0077086334615, Road CLOSED, Latitude= 41.63249634239545, Longitude= -71.00640163996853,  (at simulation time 80.502,400,  (at simulation time 80.502,800
2023-11-20 22:22:37,171 INFO  - ,Broadcast V2X Message from ,rsu_2,veh_2, InterVehicleMsg{,30, 656,  41.632382935740885,  -71.0077086334615, Road CLOSED, Latitude= 41.63249634239545, Longitude= -71.00640163996853,  (at simulation time 80.602,400,  (at simulation time 80.603,800
2023-11-20 22:22:37,171 INFO  - ,Broadcast V2X Message from ,rsu_2,veh_2, InterVehicleMsg{,30, 657,  41.632382935740885,  -71.0077086334615, Road CLOSED, Latitude= 41.63249634239545, Longitude= -71.00640163996853,  (at simulation time 80.701,400,  (at simulation time 80.703,300
2023-11-20 22:22:37,171 INFO  - ,Broadcast V2X Message from ,rsu_2,veh_2, InterVehicleMsg{,30, 658,  41.632382935740885,  -71.0077086334615, Road CLOSED, Latitude= 41.63249634239545, Longitude= -71.00640163996853,  (at simulation time 80.801,400,  (at simulation time 80.802,800
2023-11-20 22:22:37,171 INFO  - ,Broadcast V2X Message from ,rsu_2,veh_2, InterVehicleMsg{,30, 659,  41.632382935740885,  -71.0077086334615, Road CLOSED, Latitude= 41.63249634239545, Longitude= -71.00640163996853,  (at simulation time 80.901,900,  (at simulation time 80.903,800
2023-11-20 22:22:37,171 INFO  - ,Broadcast V2X Message from ,rsu_2,veh_2, InterVehicleMsg{,30, 660,  41.632382935740885,  -71.0077086334615, Road CLOSED, Latitude= 41.63255630162915, Longitude= -71.00644327995221,  (at simulation time 81.001,900,  (at simulation time 81.002,300
2023-11-20 22:22:37,171 INFO  - ,Broadcast V2X Message from ,rsu_2,veh_2, InterVehicleMsg{,30, 661,  41.632382935740885,  -71.0077086334615, Road CLOSED, Latitude= 41.63255630162915, Longitude= -71.00644327995221,  (at simulation time 81.100,400,  (at simulation time 81.102,800
2023-11-20 22:22:37,171 INFO  - ,Broadcast V2X Message from ,rsu_2,veh_2, InterVehicleMsg{,30, 662,  41.632382935740885,  -71.0077086334615, Road CLOSED, Latitude= 41.63255630162915, Longitude= -71.00644327995221,  (at simulation time 81.201,400,  (at simulation time 81.203,300
2023-11-20 22:22:37,171 INFO  - ,Broadcast V2X Message from ,rsu_2,veh_2, InterVehicleMsg{,30, 663,  41.632382935740885,  -71.0077086334615, Road CLOSED, Latitude= 41.63255630162915, Longitude= -71.00644327995221,  (at simulation time 81.302,400,  (at simulation time 81.304,300
2023-11-20 22:22:37,171 INFO  - ,Broadcast V2X Message from ,rsu_2,veh_2, InterVehicleMsg{,30, 664,  41.632382935740885,  -71.0077086334615, Road CLOSED, Latitude= 41.63255630162915, Longitude= -71.00644327995221,  (at simulation time 81.401,400,  (at simulation time 81.402,800
2023-11-20 22:22:37,171 INFO  - ,Broadcast V2X Message from ,rsu_2,veh_2, InterVehicleMsg{,30, 665,  41.632382935740885,  -71.0077086334615, Road CLOSED, Latitude= 41.63255630162915, Longitude= -71.00644327995221,  (at simulation time 81.500,900,  (at simulation time 81.503,300
2023-11-20 22:22:37,171 INFO  - ,Broadcast V2X Message from ,rsu_2,veh_2, InterVehicleMsg{,30, 666,  41.632382935740885,  -71.0077086334615, Road CLOSED, Latitude= 41.63255630162915, Longitude= -71.00644327995221,  (at simulation time 81.601,400,  (at simulation time 81.602,300
2023-11-20 22:22:37,171 INFO  - ,Broadcast V2X Message from ,rsu_2,veh_2, InterVehicleMsg{,30, 667,  41.632382935740885,  -71.0077086334615, Road CLOSED, Latitude= 41.63255630162915, Longitude= -71.00644327995221,  (at simulation time 81.702,400,  (at simulation time 81.704,300
2023-11-20 22:22:37,171 INFO  - ,Broadcast V2X Message from ,rsu_2,veh_2, InterVehicleMsg{,30, 668,  41.632382935740885,  -71.0077086334615, Road CLOSED, Latitude= 41.63255630162915, Longitude= -71.00644327995221,  (at simulation time 81.800,900,  (at simulation time 81.802,800
2023-11-20 22:22:37,171 INFO  - ,Broadcast V2X Message from ,rsu_2,veh_2, InterVehicleMsg{,30, 669,  41.632382935740885,  -71.0077086334615, Road CLOSED, Latitude= 41.63255630162915, Longitude= -71.00644327995221,  (at simulation time 81.901,900,  (at simulation time 81.904,300
2023-11-20 22:22:37,171 INFO  - ,Broadcast V2X Message from ,rsu_2,veh_2, InterVehicleMsg{,30, 670,  41.632382935740885,  -71.0077086334615, Road CLOSED, Latitude= 41.632603178381736, Longitude= -71.00646790428102,  (at simulation time 82.002,400,  (at simulation time 82.003,800
2023-11-20 22:22:37,171 INFO  - ,Broadcast V2X Message from ,rsu_2,veh_2, InterVehicleMsg{,30, 671,  41.632382935740885,  -71.0077086334615, Road CLOSED, Latitude= 41.632603178381736, Longitude= -71.00646790428102,  (at simulation time 82.102,400,  (at simulation time 82.103,800
2023-11-20 22:22:37,171 INFO  - ,Broadcast V2X Message from ,rsu_2,veh_2, InterVehicleMsg{,30, 672,  41.632382935740885,  -71.0077086334615, Road CLOSED, Latitude= 41.632603178381736, Longitude= -71.00646790428102,  (at simulation time 82.200,400,  (at simulation time 82.202,800
2023-11-20 22:22:37,171 INFO  - ,Broadcast V2X Message from ,rsu_2,veh_2, InterVehicleMsg{,30, 673,  41.632382935740885,  -71.0077086334615, Road CLOSED, Latitude= 41.632603178381736, Longitude= -71.00646790428102,  (at simulation time 82.301,900,  (at simulation time 82.302,800
2023-11-20 22:22:37,171 INFO  - ,Broadcast V2X Message from ,rsu_2,veh_2, InterVehicleMsg{,30, 674,  41.632382935740885,  -71.0077086334615, Road CLOSED, Latitude= 41.632603178381736, Longitude= -71.00646790428102,  (at simulation time 82.400,900,  (at simulation time 82.401,800
2023-11-20 22:22:37,171 INFO  - ,Broadcast V2X Message from ,rsu_2,veh_2, InterVehicleMsg{,30, 675,  41.632382935740885,  -71.0077086334615, Road CLOSED, Latitude= 41.632603178381736, Longitude= -71.00646790428102,  (at simulation time 82.500,900,  (at simulation time 82.501,300
2023-11-20 22:22:37,171 INFO  - ,Broadcast V2X Message from ,rsu_2,veh_2, InterVehicleMsg{,30, 676,  41.632382935740885,  -71.0077086334615, Road CLOSED, Latitude= 41.632603178381736, Longitude= -71.00646790428102,  (at simulation time 82.600,900,  (at simulation time 82.602,800
2023-11-20 22:22:37,171 INFO  - ,Broadcast V2X Message from ,rsu_2,veh_2, InterVehicleMsg{,30, 677,  41.632382935740885,  -71.0077086334615, Road CLOSED, Latitude= 41.632603178381736, Longitude= -71.00646790428102,  (at simulation time 82.701,900,  (at simulation time 82.702,800
2023-11-20 22:22:37,171 INFO  - ,Broadcast V2X Message from ,rsu_2,veh_2, InterVehicleMsg{,30, 678,  41.632382935740885,  -71.0077086334615, Road CLOSED, Latitude= 41.632603178381736, Longitude= -71.00646790428102,  (at simulation time 82.800,400,  (at simulation time 82.801,800
2023-11-20 22:22:37,171 INFO  - ,Broadcast V2X Message from ,rsu_2,veh_2, InterVehicleMsg{,30, 679,  41.632382935740885,  -71.0077086334615, Road CLOSED, Latitude= 41.632603178381736, Longitude= -71.00646790428102,  (at simulation time 82.900,900,  (at simulation time 82.903,300
2023-11-20 22:22:37,171 INFO  - ,Broadcast V2X Message from ,rsu_2,veh_2, InterVehicleMsg{,30, 680,  41.632382935740885,  -71.0077086334615, Road CLOSED, Latitude= 41.63264757426264, Longitude= -71.00649122544658,  (at simulation time 83.002,400,  (at simulation time 83.004,800
2023-11-20 22:22:37,171 INFO  - ,Broadcast V2X Message from ,rsu_2,veh_2, InterVehicleMsg{,30, 681,  41.632382935740885,  -71.0077086334615, Road CLOSED, Latitude= 41.63264757426264, Longitude= -71.00649122544658,  (at simulation time 83.101,400,  (at simulation time 83.101,800
2023-11-20 22:22:37,171 INFO  - ,Broadcast V2X Message from ,rsu_2,veh_2, InterVehicleMsg{,30, 682,  41.632382935740885,  -71.0077086334615, Road CLOSED, Latitude= 41.63264757426264, Longitude= -71.00649122544658,  (at simulation time 83.201,900,  (at simulation time 83.202,800
2023-11-20 22:22:37,186 INFO  - ,Broadcast V2X Message from ,rsu_2,veh_2, InterVehicleMsg{,30, 683,  41.632382935740885,  -71.0077086334615, Road CLOSED, Latitude= 41.63264757426264, Longitude= -71.00649122544658,  (at simulation time 83.301,900,  (at simulation time 83.303,300
2023-11-20 22:22:37,186 INFO  - ,Broadcast V2X Message from ,rsu_2,veh_2, InterVehicleMsg{,30, 684,  41.632382935740885,  -71.0077086334615, Road CLOSED, Latitude= 41.63264757426264, Longitude= -71.00649122544658,  (at simulation time 83.401,900,  (at simulation time 83.402,300
2023-11-20 22:22:37,186 INFO  - ,Broadcast V2X Message from ,rsu_2,veh_2, InterVehicleMsg{,30, 685,  41.632382935740885,  -71.0077086334615, Road CLOSED, Latitude= 41.63264757426264, Longitude= -71.00649122544658,  (at simulation time 83.500,400,  (at simulation time 83.500,800
2023-11-20 22:22:37,186 INFO  - ,Broadcast V2X Message from ,rsu_2,veh_2, InterVehicleMsg{,30, 686,  41.632382935740885,  -71.0077086334615, Road CLOSED, Latitude= 41.63264757426264, Longitude= -71.00649122544658,  (at simulation time 83.601,900,  (at simulation time 83.603,300
2023-11-20 22:22:37,186 INFO  - ,Broadcast V2X Message from ,rsu_2,veh_2, InterVehicleMsg{,30, 687,  41.632382935740885,  -71.0077086334615, Road CLOSED, Latitude= 41.63264757426264, Longitude= -71.00649122544658,  (at simulation time 83.701,400,  (at simulation time 83.701,800
2023-11-20 22:22:37,186 INFO  - ,Broadcast V2X Message from ,rsu_2,veh_2, InterVehicleMsg{,30, 688,  41.632382935740885,  -71.0077086334615, Road CLOSED, Latitude= 41.63264757426264, Longitude= -71.00649122544658,  (at simulation time 83.801,900,  (at simulation time 83.802,300
2023-11-20 22:22:37,186 INFO  - ,Broadcast V2X Message from ,rsu_2,veh_2, InterVehicleMsg{,30, 689,  41.632382935740885,  -71.0077086334615, Road CLOSED, Latitude= 41.63264757426264, Longitude= -71.00649122544658,  (at simulation time 83.901,400,  (at simulation time 83.902,300
2023-11-20 22:22:37,186 INFO  - ,Broadcast V2X Message from ,rsu_2,veh_2, InterVehicleMsg{,30, 690,  41.632382935740885,  -71.0077086334615, Road CLOSED, Latitude= 41.63267889279963, Longitude= -71.00650767710233,  (at simulation time 84.000,900,  (at simulation time 84.001,800
2023-11-20 22:22:37,186 INFO  - ,Broadcast V2X Message from ,rsu_2,veh_2, InterVehicleMsg{,30, 691,  41.632382935740885,  -71.0077086334615, Road CLOSED, Latitude= 41.63267889279963, Longitude= -71.00650767710233,  (at simulation time 84.102,400,  (at simulation time 84.104,800
2023-11-20 22:22:37,186 INFO  - ,Broadcast V2X Message from ,rsu_2,veh_2, InterVehicleMsg{,30, 692,  41.632382935740885,  -71.0077086334615, Road CLOSED, Latitude= 41.63267889279963, Longitude= -71.00650767710233,  (at simulation time 84.200,400,  (at simulation time 84.201,300
2023-11-20 22:22:37,186 INFO  - ,Broadcast V2X Message from ,rsu_2,veh_2, InterVehicleMsg{,30, 693,  41.632382935740885,  -71.0077086334615, Road CLOSED, Latitude= 41.63267889279963, Longitude= -71.00650767710233,  (at simulation time 84.300,400,  (at simulation time 84.301,800
2023-11-20 22:22:37,186 INFO  - ,Broadcast V2X Message from ,rsu_2,veh_2, InterVehicleMsg{,30, 694,  41.632382935740885,  -71.0077086334615, Road CLOSED, Latitude= 41.63267889279963, Longitude= -71.00650767710233,  (at simulation time 84.401,400,  (at simulation time 84.403,800
2023-11-20 22:22:37,186 INFO  - ,Broadcast V2X Message from ,rsu_2,veh_2, InterVehicleMsg{,30, 695,  41.632382935740885,  -71.0077086334615, Road CLOSED, Latitude= 41.63267889279963, Longitude= -71.00650767710233,  (at simulation time 84.502,400,  (at simulation time 84.504,800
2023-11-20 22:22:37,186 INFO  - ,Broadcast V2X Message from ,rsu_2,veh_2, InterVehicleMsg{,30, 696,  41.632382935740885,  -71.0077086334615, Road CLOSED, Latitude= 41.63267889279963, Longitude= -71.00650767710233,  (at simulation time 84.601,400,  (at simulation time 84.603,300
2023-11-20 22:22:37,186 INFO  - ,Broadcast V2X Message from ,rsu_2,veh_2, InterVehicleMsg{,30, 697,  41.632382935740885,  -71.0077086334615, Road CLOSED, Latitude= 41.63267889279963, Longitude= -71.00650767710233,  (at simulation time 84.701,900,  (at simulation time 84.703,800
2023-11-20 22:22:37,186 INFO  - ,Broadcast V2X Message from ,rsu_2,veh_2, InterVehicleMsg{,30, 698,  41.632382935740885,  -71.0077086334615, Road CLOSED, Latitude= 41.63267889279963, Longitude= -71.00650767710233,  (at simulation time 84.800,900,  (at simulation time 84.802,800
2023-11-20 22:22:37,186 INFO  - ,Broadcast V2X Message from ,rsu_2,veh_2, InterVehicleMsg{,30, 699,  41.632382935740885,  -71.0077086334615, Road CLOSED, Latitude= 41.63267889279963, Longitude= -71.00650767710233,  (at simulation time 84.901,900,  (at simulation time 84.902,300
2023-11-20 22:22:37,186 INFO  - ,Broadcast V2X Message from ,rsu_2,veh_2, InterVehicleMsg{,30, 700,  41.632382935740885,  -71.0077086334615, Road CLOSED, Latitude= 41.63269066999316, Longitude= -71.00651386367736,  (at simulation time 85.002,400,  (at simulation time 85.004,300
2023-11-20 22:22:37,186 INFO  - ,Broadcast V2X Message from ,rsu_2,veh_2, InterVehicleMsg{,30, 701,  41.632382935740885,  -71.0077086334615, Road CLOSED, Latitude= 41.63269066999316, Longitude= -71.00651386367736,  (at simulation time 85.101,400,  (at simulation time 85.102,800
2023-11-20 22:22:37,186 INFO  - ,Broadcast V2X Message from ,rsu_2,veh_2, InterVehicleMsg{,30, 702,  41.632382935740885,  -71.0077086334615, Road CLOSED, Latitude= 41.63269066999316, Longitude= -71.00651386367736,  (at simulation time 85.201,400,  (at simulation time 85.203,300
2023-11-20 22:22:37,186 INFO  - ,Broadcast V2X Message from ,rsu_2,veh_2, InterVehicleMsg{,30, 703,  41.632382935740885,  -71.0077086334615, Road CLOSED, Latitude= 41.63269066999316, Longitude= -71.00651386367736,  (at simulation time 85.301,900,  (at simulation time 85.302,300
2023-11-20 22:22:37,186 INFO  - ,Broadcast V2X Message from ,rsu_2,veh_2, InterVehicleMsg{,30, 704,  41.632382935740885,  -71.0077086334615, Road CLOSED, Latitude= 41.63269066999316, Longitude= -71.00651386367736,  (at simulation time 85.401,400,  (at simulation time 85.403,800
2023-11-20 22:22:37,186 INFO  - ,Broadcast V2X Message from ,rsu_2,veh_2, InterVehicleMsg{,30, 705,  41.632382935740885,  -71.0077086334615, Road CLOSED, Latitude= 41.63269066999316, Longitude= -71.00651386367736,  (at simulation time 85.500,900,  (at simulation time 85.501,800
2023-11-20 22:22:37,186 INFO  - ,Broadcast V2X Message from ,rsu_2,veh_2, InterVehicleMsg{,30, 706,  41.632382935740885,  -71.0077086334615, Road CLOSED, Latitude= 41.63269066999316, Longitude= -71.00651386367736,  (at simulation time 85.600,400,  (at simulation time 85.601,800
2023-11-20 22:22:37,186 INFO  - ,Broadcast V2X Message from ,rsu_2,veh_2, InterVehicleMsg{,30, 707,  41.632382935740885,  -71.0077086334615, Road CLOSED, Latitude= 41.63269066999316, Longitude= -71.00651386367736,  (at simulation time 85.701,900,  (at simulation time 85.702,300
2023-11-20 22:22:37,186 INFO  - ,Broadcast V2X Message from ,rsu_2,veh_2, InterVehicleMsg{,30, 708,  41.632382935740885,  -71.0077086334615, Road CLOSED, Latitude= 41.63269066999316, Longitude= -71.00651386367736,  (at simulation time 85.801,900,  (at simulation time 85.803,800
2023-11-20 22:22:37,186 INFO  - ,Broadcast V2X Message from ,rsu_2,veh_2, InterVehicleMsg{,30, 709,  41.632382935740885,  -71.0077086334615, Road CLOSED, Latitude= 41.63269066999316, Longitude= -71.00651386367736,  (at simulation time 85.901,900,  (at simulation time 85.903,300
2023-11-20 22:22:37,186 INFO  - ,Broadcast V2X Message from ,rsu_2,veh_2, InterVehicleMsg{,30, 710,  41.632382935740885,  -71.0077086334615, Road CLOSED, Latitude= 41.6327141164015, Longitude= -71.00652699493625,  (at simulation time 86.000,900,  (at simulation time 86.001,800
2023-11-20 22:22:37,186 INFO  - ,Broadcast V2X Message from ,rsu_2,veh_2, InterVehicleMsg{,30, 711,  41.632382935740885,  -71.0077086334615, Road CLOSED, Latitude= 41.6327141164015, Longitude= -71.00652699493625,  (at simulation time 86.101,900,  (at simulation time 86.103,300
2023-11-20 22:22:37,186 INFO  - ,Broadcast V2X Message from ,rsu_2,veh_2, InterVehicleMsg{,30, 712,  41.632382935740885,  -71.0077086334615, Road CLOSED, Latitude= 41.6327141164015, Longitude= -71.00652699493625,  (at simulation time 86.201,400,  (at simulation time 86.202,800
2023-11-20 22:22:37,186 INFO  - ,Broadcast V2X Message from ,rsu_2,veh_2, InterVehicleMsg{,30, 713,  41.632382935740885,  -71.0077086334615, Road CLOSED, Latitude= 41.6327141164015, Longitude= -71.00652699493625,  (at simulation time 86.300,900,  (at simulation time 86.301,300
2023-11-20 22:22:37,186 INFO  - ,Broadcast V2X Message from ,rsu_2,veh_2, InterVehicleMsg{,30, 714,  41.632382935740885,  -71.0077086334615, Road CLOSED, Latitude= 41.6327141164015, Longitude= -71.00652699493625,  (at simulation time 86.401,900,  (at simulation time 86.404,300
2023-11-20 22:22:37,186 INFO  - ,Broadcast V2X Message from ,rsu_2,veh_2, InterVehicleMsg{,30, 715,  41.632382935740885,  -71.0077086334615, Road CLOSED, Latitude= 41.6327141164015, Longitude= -71.00652699493625,  (at simulation time 86.500,400,  (at simulation time 86.501,300
2023-11-20 22:22:37,186 INFO  - ,Broadcast V2X Message from ,rsu_2,veh_2, InterVehicleMsg{,30, 716,  41.632382935740885,  -71.0077086334615, Road CLOSED, Latitude= 41.6327141164015, Longitude= -71.00652699493625,  (at simulation time 86.601,900,  (at simulation time 86.604,300
2023-11-20 22:22:37,186 INFO  - ,Broadcast V2X Message from ,rsu_2,veh_2, InterVehicleMsg{,30, 717,  41.632382935740885,  -71.0077086334615, Road CLOSED, Latitude= 41.6327141164015, Longitude= -71.00652699493625,  (at simulation time 86.701,400,  (at simulation time 86.702,800
2023-11-20 22:22:37,186 INFO  - ,Broadcast V2X Message from ,rsu_2,veh_2, InterVehicleMsg{,30, 718,  41.632382935740885,  -71.0077086334615, Road CLOSED, Latitude= 41.6327141164015, Longitude= -71.00652699493625,  (at simulation time 86.801,900,  (at simulation time 86.803,300
2023-11-20 22:22:37,186 INFO  - ,Broadcast V2X Message from ,rsu_2,veh_2, InterVehicleMsg{,30, 719,  41.632382935740885,  -71.0077086334615, Road CLOSED, Latitude= 41.6327141164015, Longitude= -71.00652699493625,  (at simulation time 86.901,400,  (at simulation time 86.903,800
2023-11-20 22:22:37,186 INFO  - ,Broadcast V2X Message from ,rsu_2,veh_2, InterVehicleMsg{,30, 720,  41.632382935740885,  -71.0077086334615, Road CLOSED, Latitude= 41.63274837381193, Longitude= -71.00656674395769,  (at simulation time 87.002,400,  (at simulation time 87.002,800
2023-11-20 22:22:37,186 INFO  - ,Broadcast V2X Message from ,rsu_2,veh_2, InterVehicleMsg{,30, 721,  41.632382935740885,  -71.0077086334615, Road CLOSED, Latitude= 41.63274837381193, Longitude= -71.00656674395769,  (at simulation time 87.100,900,  (at simulation time 87.101,300
2023-11-20 22:22:37,186 INFO  - ,Broadcast V2X Message from ,rsu_2,veh_2, InterVehicleMsg{,30, 722,  41.632382935740885,  -71.0077086334615, Road CLOSED, Latitude= 41.63274837381193, Longitude= -71.00656674395769,  (at simulation time 87.201,900,  (at simulation time 87.203,800
2023-11-20 22:22:37,186 INFO  - ,Broadcast V2X Message from ,rsu_2,veh_2, InterVehicleMsg{,30, 723,  41.632382935740885,  -71.0077086334615, Road CLOSED, Latitude= 41.63274837381193, Longitude= -71.00656674395769,  (at simulation time 87.300,400,  (at simulation time 87.300,800
2023-11-20 22:22:37,186 INFO  - ,Broadcast V2X Message from ,rsu_2,veh_2, InterVehicleMsg{,30, 724,  41.632382935740885,  -71.0077086334615, Road CLOSED, Latitude= 41.63274837381193, Longitude= -71.00656674395769,  (at simulation time 87.401,400,  (at simulation time 87.403,300
2023-11-20 22:22:37,186 INFO  - ,Broadcast V2X Message from ,rsu_2,veh_2, InterVehicleMsg{,30, 725,  41.632382935740885,  -71.0077086334615, Road CLOSED, Latitude= 41.63274837381193, Longitude= -71.00656674395769,  (at simulation time 87.501,900,  (at simulation time 87.504,300
2023-11-20 22:22:37,186 INFO  - ,Broadcast V2X Message from ,rsu_2,veh_2, InterVehicleMsg{,30, 726,  41.632382935740885,  -71.0077086334615, Road CLOSED, Latitude= 41.63274837381193, Longitude= -71.00656674395769,  (at simulation time 87.600,900,  (at simulation time 87.603,300
2023-11-20 22:22:37,186 INFO  - ,Broadcast V2X Message from ,rsu_2,veh_2, InterVehicleMsg{,30, 727,  41.632382935740885,  -71.0077086334615, Road CLOSED, Latitude= 41.63274837381193, Longitude= -71.00656674395769,  (at simulation time 87.700,400,  (at simulation time 87.702,800
2023-11-20 22:22:37,186 INFO  - ,Broadcast V2X Message from ,rsu_2,veh_2, InterVehicleMsg{,30, 728,  41.632382935740885,  -71.0077086334615, Road CLOSED, Latitude= 41.63274837381193, Longitude= -71.00656674395769,  (at simulation time 87.801,400,  (at simulation time 87.802,800
2023-11-20 22:22:37,186 INFO  - ,Broadcast V2X Message from ,rsu_2,veh_2, InterVehicleMsg{,30, 729,  41.632382935740885,  -71.0077086334615, Road CLOSED, Latitude= 41.63274837381193, Longitude= -71.00656674395769,  (at simulation time 87.901,900,  (at simulation time 87.904,300
2023-11-20 22:22:37,186 INFO  - ,Broadcast V2X Message from ,rsu_2,veh_2, InterVehicleMsg{,30, 730,  41.632382935740885,  -71.0077086334615, Road CLOSED, Latitude= 41.63273547917969, Longitude= -71.00661504823225,  (at simulation time 88.001,900,  (at simulation time 88.002,800
2023-11-20 22:22:37,186 INFO  - ,Broadcast V2X Message from ,rsu_2,veh_2, InterVehicleMsg{,30, 731,  41.632382935740885,  -71.0077086334615, Road CLOSED, Latitude= 41.63273547917969, Longitude= -71.00661504823225,  (at simulation time 88.100,900,  (at simulation time 88.103,300
2023-11-20 22:22:37,186 INFO  - ,Broadcast V2X Message from ,rsu_2,veh_2, InterVehicleMsg{,30, 732,  41.632382935740885,  -71.0077086334615, Road CLOSED, Latitude= 41.63273547917969, Longitude= -71.00661504823225,  (at simulation time 88.202,400,  (at simulation time 88.203,300
2023-11-20 22:22:37,186 INFO  - ,Broadcast V2X Message from ,rsu_2,veh_2, InterVehicleMsg{,30, 733,  41.632382935740885,  -71.0077086334615, Road CLOSED, Latitude= 41.63273547917969, Longitude= -71.00661504823225,  (at simulation time 88.300,900,  (at simulation time 88.302,300
2023-11-20 22:22:37,186 INFO  - ,Broadcast V2X Message from ,rsu_2,veh_2, InterVehicleMsg{,30, 734,  41.632382935740885,  -71.0077086334615, Road CLOSED, Latitude= 41.63273547917969, Longitude= -71.00661504823225,  (at simulation time 88.401,900,  (at simulation time 88.403,800
2023-11-20 22:22:37,186 INFO  - ,Broadcast V2X Message from ,rsu_2,veh_2, InterVehicleMsg{,30, 735,  41.632382935740885,  -71.0077086334615, Road CLOSED, Latitude= 41.63273547917969, Longitude= -71.00661504823225,  (at simulation time 88.502,400,  (at simulation time 88.504,300
2023-11-20 22:22:37,186 INFO  - ,Broadcast V2X Message from ,rsu_2,veh_2, InterVehicleMsg{,30, 736,  41.632382935740885,  -71.0077086334615, Road CLOSED, Latitude= 41.63273547917969, Longitude= -71.00661504823225,  (at simulation time 88.600,900,  (at simulation time 88.602,300
2023-11-20 22:22:37,186 INFO  - ,Broadcast V2X Message from ,rsu_2,veh_2, InterVehicleMsg{,30, 737,  41.632382935740885,  -71.0077086334615, Road CLOSED, Latitude= 41.63273547917969, Longitude= -71.00661504823225,  (at simulation time 88.701,400,  (at simulation time 88.703,800
2023-11-20 22:22:37,186 INFO  - ,Broadcast V2X Message from ,rsu_2,veh_2, InterVehicleMsg{,30, 738,  41.632382935740885,  -71.0077086334615, Road CLOSED, Latitude= 41.63273547917969, Longitude= -71.00661504823225,  (at simulation time 88.801,900,  (at simulation time 88.803,300
2023-11-20 22:22:37,186 INFO  - ,Broadcast V2X Message from ,rsu_2,veh_2, InterVehicleMsg{,30, 739,  41.632382935740885,  -71.0077086334615, Road CLOSED, Latitude= 41.63273547917969, Longitude= -71.00661504823225,  (at simulation time 88.901,400,  (at simulation time 88.902,800
2023-11-20 22:22:37,186 INFO  - ,Broadcast V2X Message from ,rsu_2,veh_2, InterVehicleMsg{,30, 740,  41.632382935740885,  -71.0077086334615, Road CLOSED, Latitude= 41.63270501527312, Longitude= -71.006682640912,  (at simulation time 89.001,900,  (at simulation time 89.004,300
2023-11-20 22:22:37,186 INFO  - ,Broadcast V2X Message from ,rsu_2,veh_2, InterVehicleMsg{,30, 741,  41.632382935740885,  -71.0077086334615, Road CLOSED, Latitude= 41.63270501527312, Longitude= -71.006682640912,  (at simulation time 89.101,400,  (at simulation time 89.102,800
2023-11-20 22:22:37,186 INFO  - ,Broadcast V2X Message from ,rsu_2,veh_2, InterVehicleMsg{,30, 742,  41.632382935740885,  -71.0077086334615, Road CLOSED, Latitude= 41.63270501527312, Longitude= -71.006682640912,  (at simulation time 89.200,400,  (at simulation time 89.202,800
2023-11-20 22:22:37,186 INFO  - ,Broadcast V2X Message from ,rsu_2,veh_2, InterVehicleMsg{,30, 743,  41.632382935740885,  -71.0077086334615, Road CLOSED, Latitude= 41.63270501527312, Longitude= -71.006682640912,  (at simulation time 89.301,400,  (at simulation time 89.302,800
2023-11-20 22:22:37,186 INFO  - ,Broadcast V2X Message from ,rsu_2,veh_2, InterVehicleMsg{,30, 744,  41.632382935740885,  -71.0077086334615, Road CLOSED, Latitude= 41.63270501527312, Longitude= -71.006682640912,  (at simulation time 89.401,400,  (at simulation time 89.403,300
2023-11-20 22:22:37,202 INFO  - ,Broadcast V2X Message from ,rsu_2,veh_2, InterVehicleMsg{,30, 745,  41.632382935740885,  -71.0077086334615, Road CLOSED, Latitude= 41.63270501527312, Longitude= -71.006682640912,  (at simulation time 89.502,400,  (at simulation time 89.502,800
2023-11-20 22:22:37,202 INFO  - ,Broadcast V2X Message from ,rsu_2,veh_2, InterVehicleMsg{,30, 746,  41.632382935740885,  -71.0077086334615, Road CLOSED, Latitude= 41.63270501527312, Longitude= -71.006682640912,  (at simulation time 89.600,400,  (at simulation time 89.601,300
2023-11-20 22:22:37,202 INFO  - ,Broadcast V2X Message from ,rsu_2,veh_2, InterVehicleMsg{,30, 747,  41.632382935740885,  -71.0077086334615, Road CLOSED, Latitude= 41.63270501527312, Longitude= -71.006682640912,  (at simulation time 89.701,400,  (at simulation time 89.701,800
2023-11-20 22:22:37,202 INFO  - ,Broadcast V2X Message from ,rsu_2,veh_2, InterVehicleMsg{,30, 748,  41.632382935740885,  -71.0077086334615, Road CLOSED, Latitude= 41.63270501527312, Longitude= -71.006682640912,  (at simulation time 89.800,400,  (at simulation time 89.802,300
2023-11-20 22:22:37,202 INFO  - ,Broadcast V2X Message from ,rsu_2,veh_2, InterVehicleMsg{,30, 749,  41.632382935740885,  -71.0077086334615, Road CLOSED, Latitude= 41.63270501527312, Longitude= -71.006682640912,  (at simulation time 89.901,400,  (at simulation time 89.902,300
2023-11-20 22:22:37,202 INFO  - ,Broadcast V2X Message from ,rsu_2,veh_2, InterVehicleMsg{,30, 750,  41.632382935740885,  -71.0077086334615, Road CLOSED, Latitude= 41.63267301341851, Longitude= -71.00675364579705,  (at simulation time 90.001,400,  (at simulation time 90.003,300
2023-11-20 22:22:37,202 INFO  - ,Broadcast V2X Message from ,rsu_2,veh_2, InterVehicleMsg{,30, 751,  41.632382935740885,  -71.0077086334615, Road CLOSED, Latitude= 41.63267301341851, Longitude= -71.00675364579705,  (at simulation time 90.101,900,  (at simulation time 90.103,300
2023-11-20 22:22:37,202 INFO  - ,Broadcast V2X Message from ,rsu_2,veh_2, InterVehicleMsg{,30, 752,  41.632382935740885,  -71.0077086334615, Road CLOSED, Latitude= 41.63267301341851, Longitude= -71.00675364579705,  (at simulation time 90.200,900,  (at simulation time 90.203,300
2023-11-20 22:22:37,202 INFO  - ,Broadcast V2X Message from ,rsu_2,veh_2, InterVehicleMsg{,30, 753,  41.632382935740885,  -71.0077086334615, Road CLOSED, Latitude= 41.63267301341851, Longitude= -71.00675364579705,  (at simulation time 90.300,400,  (at simulation time 90.301,800
2023-11-20 22:22:37,202 INFO  - ,Broadcast V2X Message from ,rsu_2,veh_2, InterVehicleMsg{,30, 754,  41.632382935740885,  -71.0077086334615, Road CLOSED, Latitude= 41.63267301341851, Longitude= -71.00675364579705,  (at simulation time 90.401,900,  (at simulation time 90.402,800
2023-11-20 22:22:37,202 INFO  - ,Broadcast V2X Message from ,rsu_2,veh_2, InterVehicleMsg{,30, 755,  41.632382935740885,  -71.0077086334615, Road CLOSED, Latitude= 41.63267301341851, Longitude= -71.00675364579705,  (at simulation time 90.501,400,  (at simulation time 90.502,800
2023-11-20 22:22:37,202 INFO  - ,Broadcast V2X Message from ,rsu_2,veh_2, InterVehicleMsg{,30, 756,  41.632382935740885,  -71.0077086334615, Road CLOSED, Latitude= 41.63267301341851, Longitude= -71.00675364579705,  (at simulation time 90.602,400,  (at simulation time 90.602,800
2023-11-20 22:22:37,202 INFO  - ,Broadcast V2X Message from ,rsu_2,veh_2, InterVehicleMsg{,30, 757,  41.632382935740885,  -71.0077086334615, Road CLOSED, Latitude= 41.63267301341851, Longitude= -71.00675364579705,  (at simulation time 90.700,900,  (at simulation time 90.701,800
2023-11-20 22:22:37,202 INFO  - ,Broadcast V2X Message from ,rsu_2,veh_2, InterVehicleMsg{,30, 758,  41.632382935740885,  -71.0077086334615, Road CLOSED, Latitude= 41.63267301341851, Longitude= -71.00675364579705,  (at simulation time 90.800,900,  (at simulation time 90.802,300
2023-11-20 22:22:37,202 INFO  - ,Broadcast V2X Message from ,rsu_2,veh_2, InterVehicleMsg{,30, 759,  41.632382935740885,  -71.0077086334615, Road CLOSED, Latitude= 41.63267301341851, Longitude= -71.00675364579705,  (at simulation time 90.902,400,  (at simulation time 90.904,800
2023-11-20 22:22:37,202 INFO  - ,Broadcast V2X Message from ,rsu_2,veh_2, InterVehicleMsg{,30, 760,  41.632382935740885,  -71.0077086334615, Road CLOSED, Latitude= 41.63264805369569, Longitude= -71.00680056998847,  (at simulation time 91.000,400,  (at simulation time 91.002,300
2023-11-20 22:22:37,202 INFO  - ,Broadcast V2X Message from ,rsu_2,veh_2, InterVehicleMsg{,30, 761,  41.632382935740885,  -71.0077086334615, Road CLOSED, Latitude= 41.63264805369569, Longitude= -71.00680056998847,  (at simulation time 91.102,400,  (at simulation time 91.103,800
2023-11-20 22:22:37,202 INFO  - ,Broadcast V2X Message from ,rsu_2,veh_2, InterVehicleMsg{,30, 762,  41.632382935740885,  -71.0077086334615, Road CLOSED, Latitude= 41.63264805369569, Longitude= -71.00680056998847,  (at simulation time 91.200,900,  (at simulation time 91.202,800
2023-11-20 22:22:37,202 INFO  - ,Broadcast V2X Message from ,rsu_2,veh_2, InterVehicleMsg{,30, 763,  41.632382935740885,  -71.0077086334615, Road CLOSED, Latitude= 41.63264805369569, Longitude= -71.00680056998847,  (at simulation time 91.301,900,  (at simulation time 91.302,300
2023-11-20 22:22:37,202 INFO  - ,Broadcast V2X Message from ,rsu_2,veh_2, InterVehicleMsg{,30, 764,  41.632382935740885,  -71.0077086334615, Road CLOSED, Latitude= 41.63264805369569, Longitude= -71.00680056998847,  (at simulation time 91.402,400,  (at simulation time 91.404,300
2023-11-20 22:22:37,202 INFO  - ,Broadcast V2X Message from ,rsu_2,veh_2, InterVehicleMsg{,30, 765,  41.632382935740885,  -71.0077086334615, Road CLOSED, Latitude= 41.63264805369569, Longitude= -71.00680056998847,  (at simulation time 91.501,900,  (at simulation time 91.503,300
2023-11-20 22:22:37,202 INFO  - ,Broadcast V2X Message from ,rsu_2,veh_2, InterVehicleMsg{,30, 766,  41.632382935740885,  -71.0077086334615, Road CLOSED, Latitude= 41.63264805369569, Longitude= -71.00680056998847,  (at simulation time 91.601,900,  (at simulation time 91.602,800
2023-11-20 22:22:37,202 INFO  - ,Broadcast V2X Message from ,rsu_2,veh_2, InterVehicleMsg{,30, 767,  41.632382935740885,  -71.0077086334615, Road CLOSED, Latitude= 41.63264805369569, Longitude= -71.00680056998847,  (at simulation time 91.701,400,  (at simulation time 91.701,800
2023-11-20 22:22:37,202 INFO  - ,Broadcast V2X Message from ,rsu_2,veh_2, InterVehicleMsg{,30, 768,  41.632382935740885,  -71.0077086334615, Road CLOSED, Latitude= 41.63264805369569, Longitude= -71.00680056998847,  (at simulation time 91.802,400,  (at simulation time 91.803,300
2023-11-20 22:22:37,202 INFO  - ,Broadcast V2X Message from ,rsu_2,veh_2, InterVehicleMsg{,30, 769,  41.632382935740885,  -71.0077086334615, Road CLOSED, Latitude= 41.63264805369569, Longitude= -71.00680056998847,  (at simulation time 91.901,900,  (at simulation time 91.902,300
2023-11-20 22:22:37,202 INFO  - ,Broadcast V2X Message from ,rsu_2,veh_2, InterVehicleMsg{,30, 770,  41.632382935740885,  -71.0077086334615, Road CLOSED, Latitude= 41.632588771939425, Longitude= -71.00681907298294,  (at simulation time 92.001,400,  (at simulation time 92.002,300
2023-11-20 22:22:37,202 INFO  - ,Broadcast V2X Message from ,rsu_2,veh_2, InterVehicleMsg{,30, 771,  41.632382935740885,  -71.0077086334615, Road CLOSED, Latitude= 41.632588771939425, Longitude= -71.00681907298294,  (at simulation time 92.102,400,  (at simulation time 92.104,300
2023-11-20 22:22:37,202 INFO  - ,Broadcast V2X Message from ,rsu_2,veh_2, InterVehicleMsg{,30, 772,  41.632382935740885,  -71.0077086334615, Road CLOSED, Latitude= 41.632588771939425, Longitude= -71.00681907298294,  (at simulation time 92.201,400,  (at simulation time 92.202,300
2023-11-20 22:22:37,202 INFO  - ,Broadcast V2X Message from ,rsu_2,veh_2, InterVehicleMsg{,30, 773,  41.632382935740885,  -71.0077086334615, Road CLOSED, Latitude= 41.632588771939425, Longitude= -71.00681907298294,  (at simulation time 92.300,400,  (at simulation time 92.300,800
2023-11-20 22:22:37,202 INFO  - ,Broadcast V2X Message from ,rsu_2,veh_2, InterVehicleMsg{,30, 774,  41.632382935740885,  -71.0077086334615, Road CLOSED, Latitude= 41.632588771939425, Longitude= -71.00681907298294,  (at simulation time 92.401,900,  (at simulation time 92.402,300
2023-11-20 22:22:37,202 INFO  - ,Broadcast V2X Message from ,rsu_2,veh_2, InterVehicleMsg{,30, 775,  41.632382935740885,  -71.0077086334615, Road CLOSED, Latitude= 41.632588771939425, Longitude= -71.00681907298294,  (at simulation time 92.500,400,  (at simulation time 92.501,800
2023-11-20 22:22:37,202 INFO  - ,Broadcast V2X Message from ,rsu_2,veh_2, InterVehicleMsg{,30, 776,  41.632382935740885,  -71.0077086334615, Road CLOSED, Latitude= 41.632588771939425, Longitude= -71.00681907298294,  (at simulation time 92.602,400,  (at simulation time 92.604,300
2023-11-20 22:22:37,202 INFO  - ,Broadcast V2X Message from ,rsu_2,veh_2, InterVehicleMsg{,30, 777,  41.632382935740885,  -71.0077086334615, Road CLOSED, Latitude= 41.632588771939425, Longitude= -71.00681907298294,  (at simulation time 92.701,900,  (at simulation time 92.702,800
2023-11-20 22:22:37,202 INFO  - ,Broadcast V2X Message from ,rsu_2,veh_2, InterVehicleMsg{,30, 778,  41.632382935740885,  -71.0077086334615, Road CLOSED, Latitude= 41.632588771939425, Longitude= -71.00681907298294,  (at simulation time 92.800,900,  (at simulation time 92.801,300
2023-11-20 22:22:37,202 INFO  - ,Broadcast V2X Message from ,rsu_2,veh_2, InterVehicleMsg{,30, 779,  41.632382935740885,  -71.0077086334615, Road CLOSED, Latitude= 41.632588771939425, Longitude= -71.00681907298294,  (at simulation time 92.901,400,  (at simulation time 92.902,800
2023-11-20 22:22:37,202 INFO  - ,Broadcast V2X Message from ,rsu_2,veh_2, InterVehicleMsg{,30, 780,  41.632382935740885,  -71.0077086334615, Road CLOSED, Latitude= 41.632532534840976, Longitude= -71.00679485955105,  (at simulation time 93.000,900,  (at simulation time 93.001,300
2023-11-20 22:22:37,202 INFO  - ,Broadcast V2X Message from ,rsu_2,veh_2, InterVehicleMsg{,30, 781,  41.632382935740885,  -71.0077086334615, Road CLOSED, Latitude= 41.632532534840976, Longitude= -71.00679485955105,  (at simulation time 93.101,900,  (at simulation time 93.103,800
2023-11-20 22:22:37,202 INFO  - ,Broadcast V2X Message from ,rsu_2,veh_2, InterVehicleMsg{,30, 782,  41.632382935740885,  -71.0077086334615, Road CLOSED, Latitude= 41.632532534840976, Longitude= -71.00679485955105,  (at simulation time 93.200,400,  (at simulation time 93.202,800
2023-11-20 22:22:37,202 INFO  - ,Broadcast V2X Message from ,rsu_2,veh_2, InterVehicleMsg{,30, 783,  41.632382935740885,  -71.0077086334615, Road CLOSED, Latitude= 41.632532534840976, Longitude= -71.00679485955105,  (at simulation time 93.301,400,  (at simulation time 93.301,800
2023-11-20 22:22:37,202 INFO  - ,Broadcast V2X Message from ,rsu_2,veh_2, InterVehicleMsg{,30, 784,  41.632382935740885,  -71.0077086334615, Road CLOSED, Latitude= 41.632532534840976, Longitude= -71.00679485955105,  (at simulation time 93.401,400,  (at simulation time 93.402,300
2023-11-20 22:22:37,202 INFO  - ,Broadcast V2X Message from ,rsu_2,veh_2, InterVehicleMsg{,30, 785,  41.632382935740885,  -71.0077086334615, Road CLOSED, Latitude= 41.632532534840976, Longitude= -71.00679485955105,  (at simulation time 93.500,900,  (at simulation time 93.502,300
2023-11-20 22:22:37,202 INFO  - ,Broadcast V2X Message from ,rsu_2,veh_2, InterVehicleMsg{,30, 786,  41.632382935740885,  -71.0077086334615, Road CLOSED, Latitude= 41.632532534840976, Longitude= -71.00679485955105,  (at simulation time 93.600,400,  (at simulation time 93.601,300
2023-11-20 22:22:37,202 INFO  - ,Broadcast V2X Message from ,rsu_2,veh_2, InterVehicleMsg{,30, 787,  41.632382935740885,  -71.0077086334615, Road CLOSED, Latitude= 41.632532534840976, Longitude= -71.00679485955105,  (at simulation time 93.701,900,  (at simulation time 93.704,300
2023-11-20 22:22:37,202 INFO  - ,Broadcast V2X Message from ,rsu_2,veh_2, InterVehicleMsg{,30, 788,  41.632382935740885,  -71.0077086334615, Road CLOSED, Latitude= 41.632532534840976, Longitude= -71.00679485955105,  (at simulation time 93.802,400,  (at simulation time 93.804,300
2023-11-20 22:22:37,202 INFO  - ,Broadcast V2X Message from ,rsu_2,veh_2, InterVehicleMsg{,30, 789,  41.632382935740885,  -71.0077086334615, Road CLOSED, Latitude= 41.632532534840976, Longitude= -71.00679485955105,  (at simulation time 93.900,900,  (at simulation time 93.902,800
2023-11-20 22:22:37,202 INFO  - ,Broadcast V2X Message from ,rsu_2,veh_2, InterVehicleMsg{,30, 790,  41.632382935740885,  -71.0077086334615, Road CLOSED, Latitude= 41.632471661013845, Longitude= -71.00676639090577,  (at simulation time 94.001,400,  (at simulation time 94.003,300
2023-11-20 22:22:37,202 INFO  - ,Broadcast V2X Message from ,rsu_2,veh_2, InterVehicleMsg{,30, 791,  41.632382935740885,  -71.0077086334615, Road CLOSED, Latitude= 41.632471661013845, Longitude= -71.00676639090577,  (at simulation time 94.101,400,  (at simulation time 94.103,800
2023-11-20 22:22:37,202 INFO  - ,Broadcast V2X Message from ,rsu_2,veh_2, InterVehicleMsg{,30, 792,  41.632382935740885,  -71.0077086334615, Road CLOSED, Latitude= 41.632471661013845, Longitude= -71.00676639090577,  (at simulation time 94.200,900,  (at simulation time 94.203,300
2023-11-20 22:22:37,202 INFO  - ,Broadcast V2X Message from ,rsu_2,veh_2, InterVehicleMsg{,30, 793,  41.632382935740885,  -71.0077086334615, Road CLOSED, Latitude= 41.632471661013845, Longitude= -71.00676639090577,  (at simulation time 94.300,900,  (at simulation time 94.303,300
2023-11-20 22:22:37,202 INFO  - ,Broadcast V2X Message from ,rsu_2,veh_2, InterVehicleMsg{,30, 794,  41.632382935740885,  -71.0077086334615, Road CLOSED, Latitude= 41.632471661013845, Longitude= -71.00676639090577,  (at simulation time 94.402,400,  (at simulation time 94.404,800
2023-11-20 22:22:37,202 INFO  - ,Broadcast V2X Message from ,rsu_2,veh_2, InterVehicleMsg{,30, 795,  41.632382935740885,  -71.0077086334615, Road CLOSED, Latitude= 41.632471661013845, Longitude= -71.00676639090577,  (at simulation time 94.502,400,  (at simulation time 94.502,800
2023-11-20 22:22:37,202 INFO  - ,Broadcast V2X Message from ,rsu_2,veh_2, InterVehicleMsg{,30, 796,  41.632382935740885,  -71.0077086334615, Road CLOSED, Latitude= 41.632471661013845, Longitude= -71.00676639090577,  (at simulation time 94.601,400,  (at simulation time 94.601,800
2023-11-20 22:22:37,202 INFO  - ,Broadcast V2X Message from ,rsu_2,veh_2, InterVehicleMsg{,30, 797,  41.632382935740885,  -71.0077086334615, Road CLOSED, Latitude= 41.632471661013845, Longitude= -71.00676639090577,  (at simulation time 94.701,400,  (at simulation time 94.703,300
2023-11-20 22:22:37,202 INFO  - ,Broadcast V2X Message from ,rsu_2,veh_2, InterVehicleMsg{,30, 798,  41.632382935740885,  -71.0077086334615, Road CLOSED, Latitude= 41.632471661013845, Longitude= -71.00676639090577,  (at simulation time 94.802,400,  (at simulation time 94.804,300
2023-11-20 22:22:37,202 INFO  - ,Broadcast V2X Message from ,rsu_2,veh_2, InterVehicleMsg{,30, 799,  41.632382935740885,  -71.0077086334615, Road CLOSED, Latitude= 41.632471661013845, Longitude= -71.00676639090577,  (at simulation time 94.902,400,  (at simulation time 94.903,300
2023-11-20 22:22:37,218 INFO  - ,Broadcast V2X Message from ,rsu_2,veh_2, InterVehicleMsg{,30, 800,  41.632382935740885,  -71.0077086334615, Road CLOSED, Latitude= 41.632402201009945, Longitude= -71.00674786182782,  (at simulation time 95.000,400,  (at simulation time 95.002,300
2023-11-20 22:22:37,218 INFO  - ,Broadcast V2X Message from ,rsu_2,veh_2, InterVehicleMsg{,30, 801,  41.632382935740885,  -71.0077086334615, Road CLOSED, Latitude= 41.632402201009945, Longitude= -71.00674786182782,  (at simulation time 95.100,400,  (at simulation time 95.102,800
2023-11-20 22:22:37,218 INFO  - ,Broadcast V2X Message from ,rsu_2,veh_2, InterVehicleMsg{,30, 802,  41.632382935740885,  -71.0077086334615, Road CLOSED, Latitude= 41.632402201009945, Longitude= -71.00674786182782,  (at simulation time 95.202,400,  (at simulation time 95.203,300
2023-11-20 22:22:37,218 INFO  - ,Broadcast V2X Message from ,rsu_2,veh_2, InterVehicleMsg{,30, 803,  41.632382935740885,  -71.0077086334615, Road CLOSED, Latitude= 41.632402201009945, Longitude= -71.00674786182782,  (at simulation time 95.302,400,  (at simulation time 95.302,800
2023-11-20 22:22:37,218 INFO  - ,Broadcast V2X Message from ,rsu_2,veh_2, InterVehicleMsg{,30, 804,  41.632382935740885,  -71.0077086334615, Road CLOSED, Latitude= 41.632402201009945, Longitude= -71.00674786182782,  (at simulation time 95.400,400,  (at simulation time 95.402,800
2023-11-20 22:22:37,218 INFO  - ,Broadcast V2X Message from ,rsu_2,veh_2, InterVehicleMsg{,30, 805,  41.632382935740885,  -71.0077086334615, Road CLOSED, Latitude= 41.632402201009945, Longitude= -71.00674786182782,  (at simulation time 95.502,400,  (at simulation time 95.503,300
2023-11-20 22:22:37,218 INFO  - ,Broadcast V2X Message from ,rsu_2,veh_2, InterVehicleMsg{,30, 806,  41.632382935740885,  -71.0077086334615, Road CLOSED, Latitude= 41.632402201009945, Longitude= -71.00674786182782,  (at simulation time 95.600,400,  (at simulation time 95.601,300
2023-11-20 22:22:37,218 INFO  - ,Broadcast V2X Message from ,rsu_2,veh_2, InterVehicleMsg{,30, 807,  41.632382935740885,  -71.0077086334615, Road CLOSED, Latitude= 41.632402201009945, Longitude= -71.00674786182782,  (at simulation time 95.701,900,  (at simulation time 95.703,800
2023-11-20 22:22:37,218 INFO  - ,Broadcast V2X Message from ,rsu_2,veh_2, InterVehicleMsg{,30, 808,  41.632382935740885,  -71.0077086334615, Road CLOSED, Latitude= 41.632402201009945, Longitude= -71.00674786182782,  (at simulation time 95.801,900,  (at simulation time 95.803,300
2023-11-20 22:22:37,218 INFO  - ,Broadcast V2X Message from ,rsu_2,veh_2, InterVehicleMsg{,30, 809,  41.632382935740885,  -71.0077086334615, Road CLOSED, Latitude= 41.632402201009945, Longitude= -71.00674786182782,  (at simulation time 95.902,400,  (at simulation time 95.904,300
2023-11-20 22:22:37,218 INFO  - ,Broadcast V2X Message from ,rsu_2,veh_2, InterVehicleMsg{,30, 810,  41.632382935740885,  -71.0077086334615, Road CLOSED, Latitude= 41.632323975935975, Longitude= -71.0067450538683,  (at simulation time 96.001,400,  (at simulation time 96.003,300
2023-11-20 22:22:37,218 INFO  - ,Broadcast V2X Message from ,rsu_2,veh_2, InterVehicleMsg{,30, 811,  41.632382935740885,  -71.0077086334615, Road CLOSED, Latitude= 41.632323975935975, Longitude= -71.0067450538683,  (at simulation time 96.100,900,  (at simulation time 96.102,800
2023-11-20 22:22:37,218 INFO  - ,Broadcast V2X Message from ,rsu_2,veh_2, InterVehicleMsg{,30, 812,  41.632382935740885,  -71.0077086334615, Road CLOSED, Latitude= 41.632323975935975, Longitude= -71.0067450538683,  (at simulation time 96.201,400,  (at simulation time 96.203,300
2023-11-20 22:22:37,218 INFO  - ,Broadcast V2X Message from ,rsu_2,veh_2, InterVehicleMsg{,30, 813,  41.632382935740885,  -71.0077086334615, Road CLOSED, Latitude= 41.632323975935975, Longitude= -71.0067450538683,  (at simulation time 96.300,900,  (at simulation time 96.303,300
2023-11-20 22:22:37,218 INFO  - ,Broadcast V2X Message from ,rsu_2,veh_2, InterVehicleMsg{,30, 814,  41.632382935740885,  -71.0077086334615, Road CLOSED, Latitude= 41.632323975935975, Longitude= -71.0067450538683,  (at simulation time 96.400,400,  (at simulation time 96.402,800
2023-11-20 22:22:37,218 INFO  - ,Broadcast V2X Message from ,rsu_2,veh_2, InterVehicleMsg{,30, 815,  41.632382935740885,  -71.0077086334615, Road CLOSED, Latitude= 41.632323975935975, Longitude= -71.0067450538683,  (at simulation time 96.500,900,  (at simulation time 96.501,300
2023-11-20 22:22:37,218 INFO  - ,Broadcast V2X Message from ,rsu_2,veh_2, InterVehicleMsg{,30, 816,  41.632382935740885,  -71.0077086334615, Road CLOSED, Latitude= 41.632323975935975, Longitude= -71.0067450538683,  (at simulation time 96.600,900,  (at simulation time 96.602,800
2023-11-20 22:22:37,218 INFO  - ,Broadcast V2X Message from ,rsu_2,veh_2, InterVehicleMsg{,30, 817,  41.632382935740885,  -71.0077086334615, Road CLOSED, Latitude= 41.632323975935975, Longitude= -71.0067450538683,  (at simulation time 96.700,400,  (at simulation time 96.700,800
2023-11-20 22:22:37,218 INFO  - ,Broadcast V2X Message from ,rsu_2,veh_2, InterVehicleMsg{,30, 818,  41.632382935740885,  -71.0077086334615, Road CLOSED, Latitude= 41.632323975935975, Longitude= -71.0067450538683,  (at simulation time 96.802,400,  (at simulation time 96.804,800
2023-11-20 22:22:37,218 INFO  - ,Broadcast V2X Message from ,rsu_2,veh_2, InterVehicleMsg{,30, 819,  41.632382935740885,  -71.0077086334615, Road CLOSED, Latitude= 41.632323975935975, Longitude= -71.0067450538683,  (at simulation time 96.900,400,  (at simulation time 96.900,800
2023-11-20 22:22:37,218 INFO  - ,Broadcast V2X Message from ,rsu_2,veh_2, InterVehicleMsg{,30, 820,  41.632382935740885,  -71.0077086334615, Road CLOSED, Latitude= 41.6322518098638, Longitude= -71.00674512707496,  (at simulation time 97.002,400,  (at simulation time 97.004,800
2023-11-20 22:22:37,218 INFO  - ,Broadcast V2X Message from ,rsu_2,veh_2, InterVehicleMsg{,30, 821,  41.632382935740885,  -71.0077086334615, Road CLOSED, Latitude= 41.6322518098638, Longitude= -71.00674512707496,  (at simulation time 97.102,400,  (at simulation time 97.103,300
2023-11-20 22:22:37,218 INFO  - ,Broadcast V2X Message from ,rsu_2,veh_2, InterVehicleMsg{,30, 822,  41.632382935740885,  -71.0077086334615, Road CLOSED, Latitude= 41.6322518098638, Longitude= -71.00674512707496,  (at simulation time 97.200,400,  (at simulation time 97.202,300
2023-11-20 22:22:37,218 INFO  - ,Broadcast V2X Message from ,rsu_2,veh_2, InterVehicleMsg{,30, 823,  41.632382935740885,  -71.0077086334615, Road CLOSED, Latitude= 41.6322518098638, Longitude= -71.00674512707496,  (at simulation time 97.300,400,  (at simulation time 97.301,300
2023-11-20 22:22:37,218 INFO  - ,Broadcast V2X Message from ,rsu_2,veh_2, InterVehicleMsg{,30, 824,  41.632382935740885,  -71.0077086334615, Road CLOSED, Latitude= 41.6322518098638, Longitude= -71.00674512707496,  (at simulation time 97.401,900,  (at simulation time 97.402,800
2023-11-20 22:22:37,218 INFO  - ,Broadcast V2X Message from ,rsu_2,veh_2, InterVehicleMsg{,30, 825,  41.632382935740885,  -71.0077086334615, Road CLOSED, Latitude= 41.6322518098638, Longitude= -71.00674512707496,  (at simulation time 97.501,400,  (at simulation time 97.503,800
2023-11-20 22:22:37,218 INFO  - ,Broadcast V2X Message from ,rsu_2,veh_2, InterVehicleMsg{,30, 826,  41.632382935740885,  -71.0077086334615, Road CLOSED, Latitude= 41.6322518098638, Longitude= -71.00674512707496,  (at simulation time 97.600,400,  (at simulation time 97.602,800
2023-11-20 22:22:37,218 INFO  - ,Broadcast V2X Message from ,rsu_2,veh_2, InterVehicleMsg{,30, 827,  41.632382935740885,  -71.0077086334615, Road CLOSED, Latitude= 41.6322518098638, Longitude= -71.00674512707496,  (at simulation time 97.702,400,  (at simulation time 97.702,800
2023-11-20 22:22:37,218 INFO  - ,Broadcast V2X Message from ,rsu_2,veh_2, InterVehicleMsg{,30, 828,  41.632382935740885,  -71.0077086334615, Road CLOSED, Latitude= 41.6322518098638, Longitude= -71.00674512707496,  (at simulation time 97.802,400,  (at simulation time 97.803,800
2023-11-20 22:22:37,218 INFO  - ,Broadcast V2X Message from ,rsu_2,veh_2, InterVehicleMsg{,30, 829,  41.632382935740885,  -71.0077086334615, Road CLOSED, Latitude= 41.6322518098638, Longitude= -71.00674512707496,  (at simulation time 97.901,900,  (at simulation time 97.903,300
2023-11-20 22:22:37,218 INFO  - ,Broadcast V2X Message from ,rsu_2,veh_2, InterVehicleMsg{,30, 830,  41.632382935740885,  -71.0077086334615, Road CLOSED, Latitude= 41.63216826819527, Longitude= -71.00672246017164,  (at simulation time 98.002,400,  (at simulation time 98.002,800
2023-11-20 22:22:37,218 INFO  - ,Broadcast V2X Message from ,rsu_2,veh_2, InterVehicleMsg{,30, 831,  41.632382935740885,  -71.0077086334615, Road CLOSED, Latitude= 41.63216826819527, Longitude= -71.00672246017164,  (at simulation time 98.101,400,  (at simulation time 98.103,800
2023-11-20 22:22:37,218 INFO  - ,Broadcast V2X Message from ,rsu_2,veh_2, InterVehicleMsg{,30, 832,  41.632382935740885,  -71.0077086334615, Road CLOSED, Latitude= 41.63216826819527, Longitude= -71.00672246017164,  (at simulation time 98.200,900,  (at simulation time 98.202,800
2023-11-20 22:22:37,218 INFO  - ,Broadcast V2X Message from ,rsu_2,veh_2, InterVehicleMsg{,30, 833,  41.632382935740885,  -71.0077086334615, Road CLOSED, Latitude= 41.63216826819527, Longitude= -71.00672246017164,  (at simulation time 98.300,400,  (at simulation time 98.300,800
2023-11-20 22:22:37,218 INFO  - ,Broadcast V2X Message from ,rsu_2,veh_2, InterVehicleMsg{,30, 834,  41.632382935740885,  -71.0077086334615, Road CLOSED, Latitude= 41.63216826819527, Longitude= -71.00672246017164,  (at simulation time 98.400,900,  (at simulation time 98.401,800
2023-11-20 22:22:37,218 INFO  - ,Broadcast V2X Message from ,rsu_2,veh_2, InterVehicleMsg{,30, 835,  41.632382935740885,  -71.0077086334615, Road CLOSED, Latitude= 41.63216826819527, Longitude= -71.00672246017164,  (at simulation time 98.501,400,  (at simulation time 98.503,800
2023-11-20 22:22:37,218 INFO  - ,Broadcast V2X Message from ,rsu_2,veh_2, InterVehicleMsg{,30, 836,  41.632382935740885,  -71.0077086334615, Road CLOSED, Latitude= 41.63216826819527, Longitude= -71.00672246017164,  (at simulation time 98.600,900,  (at simulation time 98.601,800
2023-11-20 22:22:37,218 INFO  - ,Broadcast V2X Message from ,rsu_2,veh_2, InterVehicleMsg{,30, 837,  41.632382935740885,  -71.0077086334615, Road CLOSED, Latitude= 41.63216826819527, Longitude= -71.00672246017164,  (at simulation time 98.701,400,  (at simulation time 98.702,300
2023-11-20 22:22:37,218 INFO  - ,Broadcast V2X Message from ,rsu_2,veh_2, InterVehicleMsg{,30, 838,  41.632382935740885,  -71.0077086334615, Road CLOSED, Latitude= 41.63216826819527, Longitude= -71.00672246017164,  (at simulation time 98.801,900,  (at simulation time 98.804,300
2023-11-20 22:22:37,218 INFO  - ,Broadcast V2X Message from ,rsu_2,veh_2, InterVehicleMsg{,30, 839,  41.632382935740885,  -71.0077086334615, Road CLOSED, Latitude= 41.63216826819527, Longitude= -71.00672246017164,  (at simulation time 98.900,900,  (at simulation time 98.901,800
2023-11-20 22:22:37,218 INFO  - ,Broadcast V2X Message from ,rsu_2,veh_2, InterVehicleMsg{,30, 840,  41.632382935740885,  -71.0077086334615, Road CLOSED, Latitude= 41.63208054543357, Longitude= -71.0066855287208,  (at simulation time 99.001,900,  (at simulation time 99.003,800
2023-11-20 22:22:37,218 INFO  - ,Broadcast V2X Message from ,rsu_2,veh_2, InterVehicleMsg{,30, 841,  41.632382935740885,  -71.0077086334615, Road CLOSED, Latitude= 41.63208054543357, Longitude= -71.0066855287208,  (at simulation time 99.100,900,  (at simulation time 99.103,300
2023-11-20 22:22:37,218 INFO  - ,Broadcast V2X Message from ,rsu_2,veh_2, InterVehicleMsg{,30, 842,  41.632382935740885,  -71.0077086334615, Road CLOSED, Latitude= 41.63208054543357, Longitude= -71.0066855287208,  (at simulation time 99.201,900,  (at simulation time 99.203,800
2023-11-20 22:22:37,218 INFO  - ,Broadcast V2X Message from ,rsu_2,veh_2, InterVehicleMsg{,30, 843,  41.632382935740885,  -71.0077086334615, Road CLOSED, Latitude= 41.63208054543357, Longitude= -71.0066855287208,  (at simulation time 99.302,400,  (at simulation time 99.304,800
2023-11-20 22:22:37,218 INFO  - ,Broadcast V2X Message from ,rsu_2,veh_2, InterVehicleMsg{,30, 844,  41.632382935740885,  -71.0077086334615, Road CLOSED, Latitude= 41.63208054543357, Longitude= -71.0066855287208,  (at simulation time 99.402,400,  (at simulation time 99.404,300
2023-11-20 22:22:37,218 INFO  - ,Broadcast V2X Message from ,rsu_2,veh_2, InterVehicleMsg{,30, 845,  41.632382935740885,  -71.0077086334615, Road CLOSED, Latitude= 41.63208054543357, Longitude= -71.0066855287208,  (at simulation time 99.501,900,  (at simulation time 99.504,300
2023-11-20 22:22:37,218 INFO  - ,Broadcast V2X Message from ,rsu_2,veh_2, InterVehicleMsg{,30, 846,  41.632382935740885,  -71.0077086334615, Road CLOSED, Latitude= 41.63208054543357, Longitude= -71.0066855287208,  (at simulation time 99.601,900,  (at simulation time 99.603,300
2023-11-20 22:22:37,218 INFO  - ,Broadcast V2X Message from ,rsu_2,veh_2, InterVehicleMsg{,30, 847,  41.632382935740885,  -71.0077086334615, Road CLOSED, Latitude= 41.63208054543357, Longitude= -71.0066855287208,  (at simulation time 99.700,900,  (at simulation time 99.702,300
2023-11-20 22:22:37,218 INFO  - ,Broadcast V2X Message from ,rsu_2,veh_2, InterVehicleMsg{,30, 848,  41.632382935740885,  -71.0077086334615, Road CLOSED, Latitude= 41.63208054543357, Longitude= -71.0066855287208,  (at simulation time 99.802,400,  (at simulation time 99.804,800
2023-11-20 22:22:37,218 INFO  - ,Broadcast V2X Message from ,rsu_2,veh_2, InterVehicleMsg{,30, 849,  41.632382935740885,  -71.0077086334615, Road CLOSED, Latitude= 41.63208054543357, Longitude= -71.0066855287208,  (at simulation time 99.902,400,  (at simulation time 99.904,800
2023-11-20 22:22:37,218 INFO  - ,Broadcast V2X Message from ,rsu_2,veh_2, InterVehicleMsg{,30, 850,  41.632382935740885,  -71.0077086334615, Road CLOSED, Latitude= 41.632035050515896, Longitude= -71.00658170319444,  (at simulation time 100.000,900,  (at simulation time 100.003,300
2023-11-20 22:22:37,218 INFO  - ,Broadcast V2X Message from ,rsu_2,veh_2, InterVehicleMsg{,30, 851,  41.632382935740885,  -71.0077086334615, Road CLOSED, Latitude= 41.632035050515896, Longitude= -71.00658170319444,  (at simulation time 100.101,900,  (at simulation time 100.104,300
2023-11-20 22:22:37,218 INFO  - ,Broadcast V2X Message from ,rsu_2,veh_2, InterVehicleMsg{,30, 852,  41.632382935740885,  -71.0077086334615, Road CLOSED, Latitude= 41.632035050515896, Longitude= -71.00658170319444,  (at simulation time 100.201,900,  (at simulation time 100.203,800
2023-11-20 22:22:37,218 INFO  - ,Broadcast V2X Message from ,rsu_2,veh_2, InterVehicleMsg{,30, 853,  41.632382935740885,  -71.0077086334615, Road CLOSED, Latitude= 41.632035050515896, Longitude= -71.00658170319444,  (at simulation time 100.301,400,  (at simulation time 100.301,800
2023-11-20 22:22:37,218 INFO  - ,Broadcast V2X Message from ,rsu_2,veh_2, InterVehicleMsg{,30, 854,  41.632382935740885,  -71.0077086334615, Road CLOSED, Latitude= 41.632035050515896, Longitude= -71.00658170319444,  (at simulation time 100.400,400,  (at simulation time 100.400,800
2023-11-20 22:22:37,218 INFO  - ,Broadcast V2X Message from ,rsu_2,veh_2, InterVehicleMsg{,30, 855,  41.632382935740885,  -71.0077086334615, Road CLOSED, Latitude= 41.632035050515896, Longitude= -71.00658170319444,  (at simulation time 100.500,900,  (at simulation time 100.502,800
2023-11-20 22:22:37,218 INFO  - ,Broadcast V2X Message from ,rsu_2,veh_2, InterVehicleMsg{,30, 856,  41.632382935740885,  -71.0077086334615, Road CLOSED, Latitude= 41.632035050515896, Longitude= -71.00658170319444,  (at simulation time 100.600,900,  (at simulation time 100.601,300
2023-11-20 22:22:37,218 INFO  - ,Broadcast V2X Message from ,rsu_2,veh_2, InterVehicleMsg{,30, 857,  41.632382935740885,  -71.0077086334615, Road CLOSED, Latitude= 41.632035050515896, Longitude= -71.00658170319444,  (at simulation time 100.701,400,  (at simulation time 100.701,800
2023-11-20 22:22:37,218 INFO  - ,Broadcast V2X Message from ,rsu_2,veh_2, InterVehicleMsg{,30, 858,  41.632382935740885,  -71.0077086334615, Road CLOSED, Latitude= 41.632035050515896, Longitude= -71.00658170319444,  (at simulation time 100.802,400,  (at simulation time 100.804,300
2023-11-20 22:22:37,218 INFO  - ,Broadcast V2X Message from ,rsu_2,veh_2, InterVehicleMsg{,30, 859,  41.632382935740885,  -71.0077086334615, Road CLOSED, Latitude= 41.632035050515896, Longitude= -71.00658170319444,  (at simulation time 100.901,900,  (at simulation time 100.903,800
2023-11-20 22:22:37,233 INFO  - ,Broadcast V2X Message from ,rsu_2,veh_2, InterVehicleMsg{,30, 860,  41.632382935740885,  -71.0077086334615, Road CLOSED, Latitude= 41.63202473046491, Longitude= -71.00646480265549,  (at simulation time 101.000,900,  (at simulation time 101.002,800
2023-11-20 22:22:37,233 INFO  - ,Broadcast V2X Message from ,rsu_2,veh_2, InterVehicleMsg{,30, 861,  41.632382935740885,  -71.0077086334615, Road CLOSED, Latitude= 41.63202473046491, Longitude= -71.00646480265549,  (at simulation time 101.100,400,  (at simulation time 101.101,300
2023-11-20 22:22:37,233 INFO  - ,Broadcast V2X Message from ,rsu_2,veh_2, InterVehicleMsg{,30, 862,  41.632382935740885,  -71.0077086334615, Road CLOSED, Latitude= 41.63202473046491, Longitude= -71.00646480265549,  (at simulation time 101.201,900,  (at simulation time 101.203,300
2023-11-20 22:22:37,233 INFO  - ,Broadcast V2X Message from ,rsu_2,veh_2, InterVehicleMsg{,30, 863,  41.632382935740885,  -71.0077086334615, Road CLOSED, Latitude= 41.63202473046491, Longitude= -71.00646480265549,  (at simulation time 101.300,900,  (at simulation time 101.301,800
2023-11-20 22:22:37,233 INFO  - ,Broadcast V2X Message from ,rsu_2,veh_2, InterVehicleMsg{,30, 864,  41.632382935740885,  -71.0077086334615, Road CLOSED, Latitude= 41.63202473046491, Longitude= -71.00646480265549,  (at simulation time 101.400,400,  (at simulation time 101.402,800
2023-11-20 22:22:37,233 INFO  - ,Broadcast V2X Message from ,rsu_2,veh_2, InterVehicleMsg{,30, 865,  41.632382935740885,  -71.0077086334615, Road CLOSED, Latitude= 41.63202473046491, Longitude= -71.00646480265549,  (at simulation time 101.500,400,  (at simulation time 101.501,800
2023-11-20 22:22:37,233 INFO  - ,Broadcast V2X Message from ,rsu_2,veh_2, InterVehicleMsg{,30, 866,  41.632382935740885,  -71.0077086334615, Road CLOSED, Latitude= 41.63202473046491, Longitude= -71.00646480265549,  (at simulation time 101.600,900,  (at simulation time 101.602,800
2023-11-20 22:22:37,233 INFO  - ,Broadcast V2X Message from ,rsu_2,veh_2, InterVehicleMsg{,30, 867,  41.632382935740885,  -71.0077086334615, Road CLOSED, Latitude= 41.63202473046491, Longitude= -71.00646480265549,  (at simulation time 101.701,900,  (at simulation time 101.702,300
2023-11-20 22:22:37,233 INFO  - ,Broadcast V2X Message from ,rsu_2,veh_2, InterVehicleMsg{,30, 868,  41.632382935740885,  -71.0077086334615, Road CLOSED, Latitude= 41.63202473046491, Longitude= -71.00646480265549,  (at simulation time 101.800,900,  (at simulation time 101.803,300
2023-11-20 22:22:37,233 INFO  - ,Broadcast V2X Message from ,rsu_2,veh_2, InterVehicleMsg{,30, 869,  41.632382935740885,  -71.0077086334615, Road CLOSED, Latitude= 41.63202473046491, Longitude= -71.00646480265549,  (at simulation time 101.902,400,  (at simulation time 101.904,800
2023-11-20 22:22:37,233 INFO  - ,Broadcast V2X Message from ,rsu_2,veh_2, InterVehicleMsg{,30, 870,  41.632382935740885,  -71.0077086334615, Road CLOSED, Latitude= 41.63204820941666, Longitude= -71.00635010569235,  (at simulation time 102.001,400,  (at simulation time 102.001,800
2023-11-20 22:22:37,233 INFO  - ,Broadcast V2X Message from ,rsu_2,veh_2, InterVehicleMsg{,30, 871,  41.632382935740885,  -71.0077086334615, Road CLOSED, Latitude= 41.63204820941666, Longitude= -71.00635010569235,  (at simulation time 102.101,900,  (at simulation time 102.104,300
2023-11-20 22:22:37,233 INFO  - ,Broadcast V2X Message from ,rsu_2,veh_2, InterVehicleMsg{,30, 872,  41.632382935740885,  -71.0077086334615, Road CLOSED, Latitude= 41.63204820941666, Longitude= -71.00635010569235,  (at simulation time 102.201,900,  (at simulation time 102.204,300
2023-11-20 22:22:37,233 INFO  - ,Broadcast V2X Message from ,rsu_2,veh_2, InterVehicleMsg{,30, 873,  41.632382935740885,  -71.0077086334615, Road CLOSED, Latitude= 41.63204820941666, Longitude= -71.00635010569235,  (at simulation time 102.301,400,  (at simulation time 102.303,300
2023-11-20 22:22:37,233 INFO  - ,Broadcast V2X Message from ,rsu_2,veh_2, InterVehicleMsg{,30, 874,  41.632382935740885,  -71.0077086334615, Road CLOSED, Latitude= 41.63204820941666, Longitude= -71.00635010569235,  (at simulation time 102.401,400,  (at simulation time 102.402,300
2023-11-20 22:22:37,233 INFO  - ,Broadcast V2X Message from ,rsu_2,veh_2, InterVehicleMsg{,30, 875,  41.632382935740885,  -71.0077086334615, Road CLOSED, Latitude= 41.63204820941666, Longitude= -71.00635010569235,  (at simulation time 102.501,400,  (at simulation time 102.503,800
2023-11-20 22:22:37,233 INFO  - ,Broadcast V2X Message from ,rsu_2,veh_2, InterVehicleMsg{,30, 876,  41.632382935740885,  -71.0077086334615, Road CLOSED, Latitude= 41.63204820941666, Longitude= -71.00635010569235,  (at simulation time 102.602,400,  (at simulation time 102.602,800
2023-11-20 22:22:37,233 INFO  - ,Broadcast V2X Message from ,rsu_2,veh_2, InterVehicleMsg{,30, 877,  41.632382935740885,  -71.0077086334615, Road CLOSED, Latitude= 41.63204820941666, Longitude= -71.00635010569235,  (at simulation time 102.700,400,  (at simulation time 102.701,800
2023-11-20 22:22:37,233 INFO  - ,Broadcast V2X Message from ,rsu_2,veh_2, InterVehicleMsg{,30, 878,  41.632382935740885,  -71.0077086334615, Road CLOSED, Latitude= 41.63204820941666, Longitude= -71.00635010569235,  (at simulation time 102.801,400,  (at simulation time 102.803,300
2023-11-20 22:22:37,233 INFO  - ,Broadcast V2X Message from ,rsu_2,veh_2, InterVehicleMsg{,30, 879,  41.632382935740885,  -71.0077086334615, Road CLOSED, Latitude= 41.63204820941666, Longitude= -71.00635010569235,  (at simulation time 102.901,900,  (at simulation time 102.902,300
2023-11-20 22:22:37,233 INFO  - ,Broadcast V2X Message from ,rsu_2,veh_2, InterVehicleMsg{,30, 880,  41.632382935740885,  -71.0077086334615, Road CLOSED, Latitude= 41.63208119327495, Longitude= -71.00623299498218,  (at simulation time 103.000,900,  (at simulation time 103.002,800
2023-11-20 22:22:37,233 INFO  - ,Broadcast V2X Message from ,rsu_2,veh_2, InterVehicleMsg{,30, 881,  41.632382935740885,  -71.0077086334615, Road CLOSED, Latitude= 41.63208119327495, Longitude= -71.00623299498218,  (at simulation time 103.100,900,  (at simulation time 103.102,800
2023-11-20 22:22:37,233 INFO  - ,Broadcast V2X Message from ,rsu_2,veh_2, InterVehicleMsg{,30, 882,  41.632382935740885,  -71.0077086334615, Road CLOSED, Latitude= 41.63208119327495, Longitude= -71.00623299498218,  (at simulation time 103.200,400,  (at simulation time 103.200,800
2023-11-20 22:22:37,233 INFO  - ,Broadcast V2X Message from ,rsu_2,veh_2, InterVehicleMsg{,30, 883,  41.632382935740885,  -71.0077086334615, Road CLOSED, Latitude= 41.63208119327495, Longitude= -71.00623299498218,  (at simulation time 103.300,900,  (at simulation time 103.303,300
2023-11-20 22:22:37,233 INFO  - ,Broadcast V2X Message from ,rsu_2,veh_2, InterVehicleMsg{,30, 884,  41.632382935740885,  -71.0077086334615, Road CLOSED, Latitude= 41.63208119327495, Longitude= -71.00623299498218,  (at simulation time 103.400,900,  (at simulation time 103.401,300
2023-11-20 22:22:37,233 INFO  - ,Broadcast V2X Message from ,rsu_2,veh_2, InterVehicleMsg{,30, 885,  41.632382935740885,  -71.0077086334615, Road CLOSED, Latitude= 41.63208119327495, Longitude= -71.00623299498218,  (at simulation time 103.501,900,  (at simulation time 103.503,800
2023-11-20 22:22:37,233 INFO  - ,Broadcast V2X Message from ,rsu_2,veh_2, InterVehicleMsg{,30, 886,  41.632382935740885,  -71.0077086334615, Road CLOSED, Latitude= 41.63208119327495, Longitude= -71.00623299498218,  (at simulation time 103.602,400,  (at simulation time 103.603,300
2023-11-20 22:22:37,233 INFO  - ,Broadcast V2X Message from ,rsu_2,veh_2, InterVehicleMsg{,30, 887,  41.632382935740885,  -71.0077086334615, Road CLOSED, Latitude= 41.63208119327495, Longitude= -71.00623299498218,  (at simulation time 103.700,400,  (at simulation time 103.701,800
2023-11-20 22:22:37,233 INFO  - ,Broadcast V2X Message from ,rsu_2,veh_2, InterVehicleMsg{,30, 888,  41.632382935740885,  -71.0077086334615, Road CLOSED, Latitude= 41.63208119327495, Longitude= -71.00623299498218,  (at simulation time 103.800,400,  (at simulation time 103.802,800
2023-11-20 22:22:37,233 INFO  - ,Broadcast V2X Message from ,rsu_2,veh_2, InterVehicleMsg{,30, 889,  41.632382935740885,  -71.0077086334615, Road CLOSED, Latitude= 41.63208119327495, Longitude= -71.00623299498218,  (at simulation time 103.900,900,  (at simulation time 103.903,300
2023-11-20 22:22:37,233 INFO  - ,Broadcast V2X Message from ,rsu_2,veh_2, InterVehicleMsg{,30, 890,  41.632382935740885,  -71.0077086334615, Road CLOSED, Latitude= 41.63211052250426, Longitude= -71.00611045760463,  (at simulation time 104.001,900,  (at simulation time 104.003,300
2023-11-20 22:22:37,233 INFO  - ,Broadcast V2X Message from ,rsu_2,veh_2, InterVehicleMsg{,30, 891,  41.632382935740885,  -71.0077086334615, Road CLOSED, Latitude= 41.63211052250426, Longitude= -71.00611045760463,  (at simulation time 104.101,400,  (at simulation time 104.101,800
2023-11-20 22:22:37,233 INFO  - ,Broadcast V2X Message from ,rsu_2,veh_2, InterVehicleMsg{,30, 892,  41.632382935740885,  -71.0077086334615, Road CLOSED, Latitude= 41.63211052250426, Longitude= -71.00611045760463,  (at simulation time 104.201,900,  (at simulation time 104.204,300
2023-11-20 22:22:37,233 INFO  - ,Broadcast V2X Message from ,rsu_2,veh_2, InterVehicleMsg{,30, 893,  41.632382935740885,  -71.0077086334615, Road CLOSED, Latitude= 41.63211052250426, Longitude= -71.00611045760463,  (at simulation time 104.301,900,  (at simulation time 104.302,300
2023-11-20 22:22:37,233 INFO  - ,Broadcast V2X Message from ,rsu_2,veh_2, InterVehicleMsg{,30, 894,  41.632382935740885,  -71.0077086334615, Road CLOSED, Latitude= 41.63211052250426, Longitude= -71.00611045760463,  (at simulation time 104.402,400,  (at simulation time 104.403,800
2023-11-20 22:22:37,233 INFO  - ,Broadcast V2X Message from ,rsu_2,veh_2, InterVehicleMsg{,30, 895,  41.632382935740885,  -71.0077086334615, Road CLOSED, Latitude= 41.63211052250426, Longitude= -71.00611045760463,  (at simulation time 104.501,900,  (at simulation time 104.503,800
2023-11-20 22:22:37,233 INFO  - ,Broadcast V2X Message from ,rsu_2,veh_2, InterVehicleMsg{,30, 896,  41.632382935740885,  -71.0077086334615, Road CLOSED, Latitude= 41.63211052250426, Longitude= -71.00611045760463,  (at simulation time 104.601,400,  (at simulation time 104.601,800
2023-11-20 22:22:37,233 INFO  - ,Broadcast V2X Message from ,rsu_2,veh_2, InterVehicleMsg{,30, 897,  41.632382935740885,  -71.0077086334615, Road CLOSED, Latitude= 41.63211052250426, Longitude= -71.00611045760463,  (at simulation time 104.701,400,  (at simulation time 104.702,300
2023-11-20 22:22:37,233 INFO  - ,Broadcast V2X Message from ,rsu_2,veh_2, InterVehicleMsg{,30, 898,  41.632382935740885,  -71.0077086334615, Road CLOSED, Latitude= 41.63211052250426, Longitude= -71.00611045760463,  (at simulation time 104.801,400,  (at simulation time 104.802,300
2023-11-20 22:22:37,233 INFO  - ,Broadcast V2X Message from ,rsu_2,veh_2, InterVehicleMsg{,30, 899,  41.632382935740885,  -71.0077086334615, Road CLOSED, Latitude= 41.63211052250426, Longitude= -71.00611045760463,  (at simulation time 104.901,900,  (at simulation time 104.902,300
2023-11-20 22:22:37,233 INFO  - ,Broadcast V2X Message from ,rsu_2,veh_2, InterVehicleMsg{,30, 900,  41.632382935740885,  -71.0077086334615, Road CLOSED, Latitude= 41.63213619778578, Longitude= -71.00599156600832,  (at simulation time 105.000,400,  (at simulation time 105.002,300
2023-11-20 22:22:37,233 INFO  - ,Broadcast V2X Message from ,rsu_2,veh_2, InterVehicleMsg{,30, 901,  41.632382935740885,  -71.0077086334615, Road CLOSED, Latitude= 41.63213619778578, Longitude= -71.00599156600832,  (at simulation time 105.101,900,  (at simulation time 105.103,300
2023-11-20 22:22:37,233 INFO  - ,Broadcast V2X Message from ,rsu_2,veh_2, InterVehicleMsg{,30, 902,  41.632382935740885,  -71.0077086334615, Road CLOSED, Latitude= 41.63213619778578, Longitude= -71.00599156600832,  (at simulation time 105.201,400,  (at simulation time 105.203,300
2023-11-20 22:22:37,233 INFO  - ,Broadcast V2X Message from ,rsu_2,veh_2, InterVehicleMsg{,30, 903,  41.632382935740885,  -71.0077086334615, Road CLOSED, Latitude= 41.63213619778578, Longitude= -71.00599156600832,  (at simulation time 105.302,400,  (at simulation time 105.304,300
2023-11-20 22:22:37,233 INFO  - ,Broadcast V2X Message from ,rsu_2,veh_2, InterVehicleMsg{,30, 904,  41.632382935740885,  -71.0077086334615, Road CLOSED, Latitude= 41.63213619778578, Longitude= -71.00599156600832,  (at simulation time 105.401,400,  (at simulation time 105.402,300
2023-11-20 22:22:37,233 INFO  - ,Broadcast V2X Message from ,rsu_2,veh_2, InterVehicleMsg{,30, 905,  41.632382935740885,  -71.0077086334615, Road CLOSED, Latitude= 41.63213619778578, Longitude= -71.00599156600832,  (at simulation time 105.501,900,  (at simulation time 105.504,300
2023-11-20 22:22:37,233 INFO  - ,Broadcast V2X Message from ,rsu_2,veh_2, InterVehicleMsg{,30, 906,  41.632382935740885,  -71.0077086334615, Road CLOSED, Latitude= 41.63213619778578, Longitude= -71.00599156600832,  (at simulation time 105.602,400,  (at simulation time 105.604,800
2023-11-20 22:22:37,233 INFO  - ,Broadcast V2X Message from ,rsu_2,veh_2, InterVehicleMsg{,30, 907,  41.632382935740885,  -71.0077086334615, Road CLOSED, Latitude= 41.63213619778578, Longitude= -71.00599156600832,  (at simulation time 105.700,400,  (at simulation time 105.702,800
2023-11-20 22:22:37,233 INFO  - ,Broadcast V2X Message from ,rsu_2,veh_2, InterVehicleMsg{,30, 908,  41.632382935740885,  -71.0077086334615, Road CLOSED, Latitude= 41.63213619778578, Longitude= -71.00599156600832,  (at simulation time 105.801,900,  (at simulation time 105.802,300
2023-11-20 22:22:37,233 INFO  - ,Broadcast V2X Message from ,rsu_2,veh_2, InterVehicleMsg{,30, 909,  41.632382935740885,  -71.0077086334615, Road CLOSED, Latitude= 41.63213619778578, Longitude= -71.00599156600832,  (at simulation time 105.900,400,  (at simulation time 105.901,300
2023-11-20 22:22:37,249 INFO  - ,Broadcast V2X Message from ,rsu_2,veh_2, InterVehicleMsg{,30, 910,  41.632382935740885,  -71.0077086334615, Road CLOSED, Latitude= 41.63215384671733, Longitude= -71.00588176809185,  (at simulation time 106.000,900,  (at simulation time 106.002,800
2023-11-20 22:22:37,249 INFO  - ,Broadcast V2X Message from ,rsu_2,veh_2, InterVehicleMsg{,30, 911,  41.632382935740885,  -71.0077086334615, Road CLOSED, Latitude= 41.63215384671733, Longitude= -71.00588176809185,  (at simulation time 106.100,400,  (at simulation time 106.101,800
2023-11-20 22:22:37,249 INFO  - ,Broadcast V2X Message from ,rsu_2,veh_2, InterVehicleMsg{,30, 912,  41.632382935740885,  -71.0077086334615, Road CLOSED, Latitude= 41.63215384671733, Longitude= -71.00588176809185,  (at simulation time 106.202,400,  (at simulation time 106.202,800
2023-11-20 22:22:37,249 INFO  - ,Broadcast V2X Message from ,rsu_2,veh_2, InterVehicleMsg{,30, 913,  41.632382935740885,  -71.0077086334615, Road CLOSED, Latitude= 41.63215384671733, Longitude= -71.00588176809185,  (at simulation time 106.300,900,  (at simulation time 106.301,800
2023-11-20 22:22:37,249 INFO  - ,Broadcast V2X Message from ,rsu_2,veh_2, InterVehicleMsg{,30, 914,  41.632382935740885,  -71.0077086334615, Road CLOSED, Latitude= 41.63215384671733, Longitude= -71.00588176809185,  (at simulation time 106.401,400,  (at simulation time 106.403,800
2023-11-20 22:22:37,249 INFO  - ,Broadcast V2X Message from ,rsu_2,veh_2, InterVehicleMsg{,30, 915,  41.632382935740885,  -71.0077086334615, Road CLOSED, Latitude= 41.63215384671733, Longitude= -71.00588176809185,  (at simulation time 106.500,900,  (at simulation time 106.503,300
2023-11-20 22:22:37,249 INFO  - ,Broadcast V2X Message from ,rsu_2,veh_2, InterVehicleMsg{,30, 916,  41.632382935740885,  -71.0077086334615, Road CLOSED, Latitude= 41.63215384671733, Longitude= -71.00588176809185,  (at simulation time 106.601,900,  (at simulation time 106.602,300
2023-11-20 22:22:37,249 INFO  - ,Broadcast V2X Message from ,rsu_2,veh_2, InterVehicleMsg{,30, 917,  41.632382935740885,  -71.0077086334615, Road CLOSED, Latitude= 41.63215384671733, Longitude= -71.00588176809185,  (at simulation time 106.701,400,  (at simulation time 106.703,300
2023-11-20 22:22:37,249 INFO  - ,Broadcast V2X Message from ,rsu_2,veh_2, InterVehicleMsg{,30, 918,  41.632382935740885,  -71.0077086334615, Road CLOSED, Latitude= 41.63215384671733, Longitude= -71.00588176809185,  (at simulation time 106.800,400,  (at simulation time 106.802,800
2023-11-20 22:22:37,249 INFO  - ,Broadcast V2X Message from ,rsu_2,veh_2, InterVehicleMsg{,30, 919,  41.632382935740885,  -71.0077086334615, Road CLOSED, Latitude= 41.63215384671733, Longitude= -71.00588176809185,  (at simulation time 106.900,400,  (at simulation time 106.901,800
2023-11-20 22:22:37,249 INFO  - ,Broadcast V2X Message from ,rsu_2,veh_2, InterVehicleMsg{,30, 920,  41.632382935740885,  -71.0077086334615, Road CLOSED, Latitude= 41.63217284950183, Longitude= -71.00575731061882,  (at simulation time 107.002,400,  (at simulation time 107.004,800
2023-11-20 22:22:37,249 INFO  - ,Broadcast V2X Message from ,rsu_2,veh_2, InterVehicleMsg{,30, 921,  41.632382935740885,  -71.0077086334615, Road CLOSED, Latitude= 41.63217284950183, Longitude= -71.00575731061882,  (at simulation time 107.101,900,  (at simulation time 107.102,800
2023-11-20 22:22:37,249 INFO  - ,Broadcast V2X Message from ,rsu_2,veh_2, InterVehicleMsg{,30, 922,  41.632382935740885,  -71.0077086334615, Road CLOSED, Latitude= 41.63217284950183, Longitude= -71.00575731061882,  (at simulation time 107.201,900,  (at simulation time 107.203,300
2023-11-20 22:22:37,249 INFO  - ,Broadcast V2X Message from ,rsu_2,veh_2, InterVehicleMsg{,30, 923,  41.632382935740885,  -71.0077086334615, Road CLOSED, Latitude= 41.63217284950183, Longitude= -71.00575731061882,  (at simulation time 107.300,900,  (at simulation time 107.301,800
2023-11-20 22:22:37,249 INFO  - ,Broadcast V2X Message from ,rsu_2,veh_2, InterVehicleMsg{,30, 924,  41.632382935740885,  -71.0077086334615, Road CLOSED, Latitude= 41.63217284950183, Longitude= -71.00575731061882,  (at simulation time 107.400,400,  (at simulation time 107.401,800
2023-11-20 22:22:37,249 INFO  - ,Broadcast V2X Message from ,rsu_2,veh_2, InterVehicleMsg{,30, 925,  41.632382935740885,  -71.0077086334615, Road CLOSED, Latitude= 41.63217284950183, Longitude= -71.00575731061882,  (at simulation time 107.500,400,  (at simulation time 107.500,800
2023-11-20 22:22:37,249 INFO  - ,Broadcast V2X Message from ,rsu_2,veh_2, InterVehicleMsg{,30, 926,  41.632382935740885,  -71.0077086334615, Road CLOSED, Latitude= 41.63217284950183, Longitude= -71.00575731061882,  (at simulation time 107.601,900,  (at simulation time 107.603,800
2023-11-20 22:22:37,249 INFO  - ,Broadcast V2X Message from ,rsu_2,veh_2, InterVehicleMsg{,30, 927,  41.632382935740885,  -71.0077086334615, Road CLOSED, Latitude= 41.63217284950183, Longitude= -71.00575731061882,  (at simulation time 107.700,900,  (at simulation time 107.701,300
2023-11-20 22:22:37,249 INFO  - ,Broadcast V2X Message from ,rsu_2,veh_2, InterVehicleMsg{,30, 928,  41.632382935740885,  -71.0077086334615, Road CLOSED, Latitude= 41.63217284950183, Longitude= -71.00575731061882,  (at simulation time 107.801,900,  (at simulation time 107.803,300
2023-11-20 22:22:37,249 INFO  - ,Broadcast V2X Message from ,rsu_2,veh_2, InterVehicleMsg{,30, 929,  41.632382935740885,  -71.0077086334615, Road CLOSED, Latitude= 41.63217284950183, Longitude= -71.00575731061882,  (at simulation time 107.901,900,  (at simulation time 107.903,800
2023-11-20 22:22:37,249 INFO  - ,Broadcast V2X Message from ,rsu_2,veh_2, InterVehicleMsg{,30, 930,  41.632382935740885,  -71.0077086334615, Road CLOSED, Latitude= 41.632188516917466, Longitude= -71.00564181574146,  (at simulation time 108.000,900,  (at simulation time 108.002,800
2023-11-20 22:22:37,249 INFO  - ,Broadcast V2X Message from ,rsu_2,veh_2, InterVehicleMsg{,30, 931,  41.632382935740885,  -71.0077086334615, Road CLOSED, Latitude= 41.632188516917466, Longitude= -71.00564181574146,  (at simulation time 108.100,900,  (at simulation time 108.101,800
2023-11-20 22:22:37,249 INFO  - ,Broadcast V2X Message from ,rsu_2,veh_2, InterVehicleMsg{,30, 932,  41.632382935740885,  -71.0077086334615, Road CLOSED, Latitude= 41.632188516917466, Longitude= -71.00564181574146,  (at simulation time 108.201,400,  (at simulation time 108.203,300
2023-11-20 22:22:37,249 INFO  - ,Broadcast V2X Message from ,rsu_2,veh_2, InterVehicleMsg{,30, 933,  41.632382935740885,  -71.0077086334615, Road CLOSED, Latitude= 41.632188516917466, Longitude= -71.00564181574146,  (at simulation time 108.300,900,  (at simulation time 108.302,300
2023-11-20 22:22:37,249 INFO  - ,Broadcast V2X Message from ,rsu_2,veh_2, InterVehicleMsg{,30, 934,  41.632382935740885,  -71.0077086334615, Road CLOSED, Latitude= 41.632188516917466, Longitude= -71.00564181574146,  (at simulation time 108.402,400,  (at simulation time 108.403,800
2023-11-20 22:22:37,249 INFO  - ,Broadcast V2X Message from ,rsu_2,veh_2, InterVehicleMsg{,30, 935,  41.632382935740885,  -71.0077086334615, Road CLOSED, Latitude= 41.632188516917466, Longitude= -71.00564181574146,  (at simulation time 108.500,900,  (at simulation time 108.501,800
2023-11-20 22:22:37,249 INFO  - ,Broadcast V2X Message from ,rsu_2,veh_2, InterVehicleMsg{,30, 936,  41.632382935740885,  -71.0077086334615, Road CLOSED, Latitude= 41.632188516917466, Longitude= -71.00564181574146,  (at simulation time 108.600,900,  (at simulation time 108.603,300
2023-11-20 22:22:37,249 INFO  - ,Broadcast V2X Message from ,rsu_2,veh_2, InterVehicleMsg{,30, 937,  41.632382935740885,  -71.0077086334615, Road CLOSED, Latitude= 41.632188516917466, Longitude= -71.00564181574146,  (at simulation time 108.701,900,  (at simulation time 108.702,300
2023-11-20 22:22:37,249 INFO  - ,Broadcast V2X Message from ,rsu_2,veh_2, InterVehicleMsg{,30, 938,  41.632382935740885,  -71.0077086334615, Road CLOSED, Latitude= 41.632188516917466, Longitude= -71.00564181574146,  (at simulation time 108.801,400,  (at simulation time 108.803,300
2023-11-20 22:22:37,249 INFO  - ,Broadcast V2X Message from ,rsu_2,veh_2, InterVehicleMsg{,30, 939,  41.632382935740885,  -71.0077086334615, Road CLOSED, Latitude= 41.632188516917466, Longitude= -71.00564181574146,  (at simulation time 108.901,900,  (at simulation time 108.904,300
2023-11-20 22:22:37,249 INFO  - ,Broadcast V2X Message from ,rsu_2,veh_2, InterVehicleMsg{,30, 940,  41.632382935740885,  -71.0077086334615, Road CLOSED, Latitude= 41.63220975722228, Longitude= -71.0055260940438,  (at simulation time 109.001,400,  (at simulation time 109.001,800
2023-11-20 22:22:37,249 INFO  - ,Broadcast V2X Message from ,rsu_2,veh_2, InterVehicleMsg{,30, 941,  41.632382935740885,  -71.0077086334615, Road CLOSED, Latitude= 41.63220975722228, Longitude= -71.0055260940438,  (at simulation time 109.102,400,  (at simulation time 109.103,300
2023-11-20 22:22:37,249 INFO  - ,Broadcast V2X Message from ,rsu_2,veh_2, InterVehicleMsg{,30, 942,  41.632382935740885,  -71.0077086334615, Road CLOSED, Latitude= 41.63220975722228, Longitude= -71.0055260940438,  (at simulation time 109.201,400,  (at simulation time 109.201,800
2023-11-20 22:22:37,249 INFO  - ,Broadcast V2X Message from ,rsu_2,veh_2, InterVehicleMsg{,30, 943,  41.632382935740885,  -71.0077086334615, Road CLOSED, Latitude= 41.63220975722228, Longitude= -71.0055260940438,  (at simulation time 109.301,900,  (at simulation time 109.303,800
2023-11-20 22:22:37,249 INFO  - ,Broadcast V2X Message from ,rsu_2,veh_2, InterVehicleMsg{,30, 944,  41.632382935740885,  -71.0077086334615, Road CLOSED, Latitude= 41.63220975722228, Longitude= -71.0055260940438,  (at simulation time 109.401,900,  (at simulation time 109.402,300
2023-11-20 22:22:37,249 INFO  - ,Broadcast V2X Message from ,rsu_2,veh_2, InterVehicleMsg{,30, 945,  41.632382935740885,  -71.0077086334615, Road CLOSED, Latitude= 41.63220975722228, Longitude= -71.0055260940438,  (at simulation time 109.501,900,  (at simulation time 109.504,300
2023-11-20 22:22:37,249 INFO  - ,Broadcast V2X Message from ,rsu_2,veh_2, InterVehicleMsg{,30, 946,  41.632382935740885,  -71.0077086334615, Road CLOSED, Latitude= 41.63220975722228, Longitude= -71.0055260940438,  (at simulation time 109.601,400,  (at simulation time 109.602,800
2023-11-20 22:22:37,249 INFO  - ,Broadcast V2X Message from ,rsu_2,veh_2, InterVehicleMsg{,30, 947,  41.632382935740885,  -71.0077086334615, Road CLOSED, Latitude= 41.63220975722228, Longitude= -71.0055260940438,  (at simulation time 109.701,400,  (at simulation time 109.703,800
2023-11-20 22:22:37,249 INFO  - ,Broadcast V2X Message from ,rsu_2,veh_2, InterVehicleMsg{,30, 948,  41.632382935740885,  -71.0077086334615, Road CLOSED, Latitude= 41.63220975722228, Longitude= -71.0055260940438,  (at simulation time 109.800,900,  (at simulation time 109.802,300
2023-11-20 22:22:37,249 INFO  - ,Broadcast V2X Message from ,rsu_2,veh_2, InterVehicleMsg{,30, 949,  41.632382935740885,  -71.0077086334615, Road CLOSED, Latitude= 41.63220975722228, Longitude= -71.0055260940438,  (at simulation time 109.901,900,  (at simulation time 109.902,300
2023-11-20 22:22:37,249 INFO  - ,Broadcast V2X Message from ,rsu_2,veh_2, InterVehicleMsg{,30, 950,  41.632382935740885,  -71.0077086334615, Road CLOSED, Latitude= 41.63226340521763, Longitude= -71.00545061977796,  (at simulation time 110.001,900,  (at simulation time 110.003,300
2023-11-20 22:22:37,249 INFO  - ,Broadcast V2X Message from ,rsu_2,veh_2, InterVehicleMsg{,30, 951,  41.632382935740885,  -71.0077086334615, Road CLOSED, Latitude= 41.63226340521763, Longitude= -71.00545061977796,  (at simulation time 110.100,900,  (at simulation time 110.102,800
2023-11-20 22:22:37,249 INFO  - ,Broadcast V2X Message from ,rsu_2,veh_2, InterVehicleMsg{,30, 952,  41.632382935740885,  -71.0077086334615, Road CLOSED, Latitude= 41.63226340521763, Longitude= -71.00545061977796,  (at simulation time 110.201,400,  (at simulation time 110.203,800
2023-11-20 22:22:37,249 INFO  - ,Broadcast V2X Message from ,rsu_2,veh_2, InterVehicleMsg{,30, 953,  41.632382935740885,  -71.0077086334615, Road CLOSED, Latitude= 41.63226340521763, Longitude= -71.00545061977796,  (at simulation time 110.301,900,  (at simulation time 110.303,300
2023-11-20 22:22:37,249 INFO  - ,Broadcast V2X Message from ,rsu_2,veh_2, InterVehicleMsg{,30, 954,  41.632382935740885,  -71.0077086334615, Road CLOSED, Latitude= 41.63226340521763, Longitude= -71.00545061977796,  (at simulation time 110.400,900,  (at simulation time 110.402,300
2023-11-20 22:22:37,249 INFO  - ,Broadcast V2X Message from ,rsu_2,veh_2, InterVehicleMsg{,30, 955,  41.632382935740885,  -71.0077086334615, Road CLOSED, Latitude= 41.63226340521763, Longitude= -71.00545061977796,  (at simulation time 110.500,900,  (at simulation time 110.503,300
2023-11-20 22:22:37,249 INFO  - ,Broadcast V2X Message from ,rsu_2,veh_2, InterVehicleMsg{,30, 956,  41.632382935740885,  -71.0077086334615, Road CLOSED, Latitude= 41.63226340521763, Longitude= -71.00545061977796,  (at simulation time 110.602,400,  (at simulation time 110.603,300
2023-11-20 22:22:37,249 INFO  - ,Broadcast V2X Message from ,rsu_2,veh_2, InterVehicleMsg{,30, 957,  41.632382935740885,  -71.0077086334615, Road CLOSED, Latitude= 41.63226340521763, Longitude= -71.00545061977796,  (at simulation time 110.701,400,  (at simulation time 110.702,300
2023-11-20 22:22:37,249 INFO  - ,Broadcast V2X Message from ,rsu_2,veh_2, InterVehicleMsg{,30, 958,  41.632382935740885,  -71.0077086334615, Road CLOSED, Latitude= 41.63226340521763, Longitude= -71.00545061977796,  (at simulation time 110.802,400,  (at simulation time 110.802,800
2023-11-20 22:22:37,249 INFO  - ,Broadcast V2X Message from ,rsu_2,veh_2, InterVehicleMsg{,30, 959,  41.632382935740885,  -71.0077086334615, Road CLOSED, Latitude= 41.63226340521763, Longitude= -71.00545061977796,  (at simulation time 110.900,400,  (at simulation time 110.902,800
2023-11-20 22:22:37,249 INFO  - ,Broadcast V2X Message from ,rsu_2,veh_2, InterVehicleMsg{,30, 960,  41.632382935740885,  -71.0077086334615, Road CLOSED, Latitude= 41.63232565680702, Longitude= -71.00542829232081,  (at simulation time 111.002,400,  (at simulation time 111.002,800
2023-11-20 22:22:37,249 INFO  - ,Broadcast V2X Message from ,rsu_2,veh_2, InterVehicleMsg{,30, 961,  41.632382935740885,  -71.0077086334615, Road CLOSED, Latitude= 41.63232565680702, Longitude= -71.00542829232081,  (at simulation time 111.100,400,  (at simulation time 111.101,300
2023-11-20 22:22:37,249 INFO  - ,Broadcast V2X Message from ,rsu_2,veh_2, InterVehicleMsg{,30, 962,  41.632382935740885,  -71.0077086334615, Road CLOSED, Latitude= 41.63232565680702, Longitude= -71.00542829232081,  (at simulation time 111.200,900,  (at simulation time 111.201,300
2023-11-20 22:22:37,249 INFO  - ,Broadcast V2X Message from ,rsu_2,veh_2, InterVehicleMsg{,30, 963,  41.632382935740885,  -71.0077086334615, Road CLOSED, Latitude= 41.63232565680702, Longitude= -71.00542829232081,  (at simulation time 111.302,400,  (at simulation time 111.304,800
2023-11-20 22:22:37,249 INFO  - ,Broadcast V2X Message from ,rsu_2,veh_2, InterVehicleMsg{,30, 964,  41.632382935740885,  -71.0077086334615, Road CLOSED, Latitude= 41.63232565680702, Longitude= -71.00542829232081,  (at simulation time 111.402,400,  (at simulation time 111.403,800
2023-11-20 22:22:37,249 INFO  - ,Broadcast V2X Message from ,rsu_2,veh_2, InterVehicleMsg{,30, 965,  41.632382935740885,  -71.0077086334615, Road CLOSED, Latitude= 41.63232565680702, Longitude= -71.00542829232081,  (at simulation time 111.500,400,  (at simulation time 111.500,800
2023-11-20 22:22:37,249 INFO  - ,Broadcast V2X Message from ,rsu_2,veh_2, InterVehicleMsg{,30, 966,  41.632382935740885,  -71.0077086334615, Road CLOSED, Latitude= 41.63232565680702, Longitude= -71.00542829232081,  (at simulation time 111.600,400,  (at simulation time 111.602,300
2023-11-20 22:22:37,249 INFO  - ,Broadcast V2X Message from ,rsu_2,veh_2, InterVehicleMsg{,30, 967,  41.632382935740885,  -71.0077086334615, Road CLOSED, Latitude= 41.63232565680702, Longitude= -71.00542829232081,  (at simulation time 111.700,900,  (at simulation time 111.701,800
2023-11-20 22:22:37,249 INFO  - ,Broadcast V2X Message from ,rsu_2,veh_2, InterVehicleMsg{,30, 968,  41.632382935740885,  -71.0077086334615, Road CLOSED, Latitude= 41.63232565680702, Longitude= -71.00542829232081,  (at simulation time 111.802,400,  (at simulation time 111.803,800
2023-11-20 22:22:37,249 INFO  - ,Broadcast V2X Message from ,rsu_2,veh_2, InterVehicleMsg{,30, 969,  41.632382935740885,  -71.0077086334615, Road CLOSED, Latitude= 41.63232565680702, Longitude= -71.00542829232081,  (at simulation time 111.901,400,  (at simulation time 111.903,800
2023-11-20 22:22:37,264 INFO  - ,Broadcast V2X Message from ,rsu_2,veh_2, InterVehicleMsg{,30, 970,  41.632382935740885,  -71.0077086334615, Road CLOSED, Latitude= 41.63237118200116, Longitude= -71.00537712286767,  (at simulation time 112.000,900,  (at simulation time 112.001,300
2023-11-20 22:22:37,264 INFO  - ,Broadcast V2X Message from ,rsu_2,veh_2, InterVehicleMsg{,30, 971,  41.632382935740885,  -71.0077086334615, Road CLOSED, Latitude= 41.63237118200116, Longitude= -71.00537712286767,  (at simulation time 112.101,400,  (at simulation time 112.102,800
2023-11-20 22:22:37,264 INFO  - ,Broadcast V2X Message from ,rsu_2,veh_2, InterVehicleMsg{,30, 972,  41.632382935740885,  -71.0077086334615, Road CLOSED, Latitude= 41.63237118200116, Longitude= -71.00537712286767,  (at simulation time 112.201,400,  (at simulation time 112.202,300
2023-11-20 22:22:37,264 INFO  - ,Broadcast V2X Message from ,rsu_2,veh_2, InterVehicleMsg{,30, 973,  41.632382935740885,  -71.0077086334615, Road CLOSED, Latitude= 41.63237118200116, Longitude= -71.00537712286767,  (at simulation time 112.300,900,  (at simulation time 112.302,800
2023-11-20 22:22:37,264 INFO  - ,Broadcast V2X Message from ,rsu_2,veh_2, InterVehicleMsg{,30, 974,  41.632382935740885,  -71.0077086334615, Road CLOSED, Latitude= 41.63237118200116, Longitude= -71.00537712286767,  (at simulation time 112.401,400,  (at simulation time 112.401,800
2023-11-20 22:22:37,264 INFO  - ,Broadcast V2X Message from ,rsu_2,veh_2, InterVehicleMsg{,30, 975,  41.632382935740885,  -71.0077086334615, Road CLOSED, Latitude= 41.63237118200116, Longitude= -71.00537712286767,  (at simulation time 112.501,900,  (at simulation time 112.502,800
2023-11-20 22:22:37,264 INFO  - ,Broadcast V2X Message from ,rsu_2,veh_2, InterVehicleMsg{,30, 976,  41.632382935740885,  -71.0077086334615, Road CLOSED, Latitude= 41.63237118200116, Longitude= -71.00537712286767,  (at simulation time 112.602,400,  (at simulation time 112.604,800
2023-11-20 22:22:37,264 INFO  - ,Broadcast V2X Message from ,rsu_2,veh_2, InterVehicleMsg{,30, 977,  41.632382935740885,  -71.0077086334615, Road CLOSED, Latitude= 41.63237118200116, Longitude= -71.00537712286767,  (at simulation time 112.701,400,  (at simulation time 112.702,300
2023-11-20 22:22:37,264 INFO  - ,Broadcast V2X Message from ,rsu_2,veh_2, InterVehicleMsg{,30, 978,  41.632382935740885,  -71.0077086334615, Road CLOSED, Latitude= 41.63237118200116, Longitude= -71.00537712286767,  (at simulation time 112.800,400,  (at simulation time 112.802,300
2023-11-20 22:22:37,264 INFO  - ,Broadcast V2X Message from ,rsu_2,veh_2, InterVehicleMsg{,30, 979,  41.632382935740885,  -71.0077086334615, Road CLOSED, Latitude= 41.63237118200116, Longitude= -71.00537712286767,  (at simulation time 112.900,900,  (at simulation time 112.901,300
2023-11-20 22:22:37,264 INFO  - ,Broadcast V2X Message from ,rsu_2,veh_2, InterVehicleMsg{,30, 980,  41.632382935740885,  -71.0077086334615, Road CLOSED, Latitude= 41.63237478447537, Longitude= -71.0053043834313,  (at simulation time 113.001,900,  (at simulation time 113.002,300
2023-11-20 22:22:37,264 INFO  - ,Broadcast V2X Message from ,rsu_2,veh_2, InterVehicleMsg{,30, 981,  41.632382935740885,  -71.0077086334615, Road CLOSED, Latitude= 41.63237478447537, Longitude= -71.0053043834313,  (at simulation time 113.100,900,  (at simulation time 113.101,300
2023-11-20 22:22:37,264 INFO  - ,Broadcast V2X Message from ,rsu_2,veh_2, InterVehicleMsg{,30, 982,  41.632382935740885,  -71.0077086334615, Road CLOSED, Latitude= 41.63237478447537, Longitude= -71.0053043834313,  (at simulation time 113.202,400,  (at simulation time 113.202,800
2023-11-20 22:22:37,264 INFO  - ,Broadcast V2X Message from ,rsu_2,veh_2, InterVehicleMsg{,30, 983,  41.632382935740885,  -71.0077086334615, Road CLOSED, Latitude= 41.63237478447537, Longitude= -71.0053043834313,  (at simulation time 113.301,400,  (at simulation time 113.302,300
2023-11-20 22:22:37,264 INFO  - ,Broadcast V2X Message from ,rsu_2,veh_2, InterVehicleMsg{,30, 984,  41.632382935740885,  -71.0077086334615, Road CLOSED, Latitude= 41.63237478447537, Longitude= -71.0053043834313,  (at simulation time 113.400,900,  (at simulation time 113.401,800
2023-11-20 22:22:37,264 INFO  - ,Broadcast V2X Message from ,rsu_2,veh_2, InterVehicleMsg{,30, 985,  41.632382935740885,  -71.0077086334615, Road CLOSED, Latitude= 41.63237478447537, Longitude= -71.0053043834313,  (at simulation time 113.502,400,  (at simulation time 113.502,800
2023-11-20 22:22:37,264 INFO  - ,Broadcast V2X Message from ,rsu_2,veh_2, InterVehicleMsg{,30, 986,  41.632382935740885,  -71.0077086334615, Road CLOSED, Latitude= 41.63237478447537, Longitude= -71.0053043834313,  (at simulation time 113.601,900,  (at simulation time 113.602,800
2023-11-20 22:22:37,264 INFO  - ,Broadcast V2X Message from ,rsu_2,veh_2, InterVehicleMsg{,30, 987,  41.632382935740885,  -71.0077086334615, Road CLOSED, Latitude= 41.63237478447537, Longitude= -71.0053043834313,  (at simulation time 113.701,400,  (at simulation time 113.703,300
2023-11-20 22:22:37,264 INFO  - ,Broadcast V2X Message from ,rsu_2,veh_2, InterVehicleMsg{,30, 988,  41.632382935740885,  -71.0077086334615, Road CLOSED, Latitude= 41.63237478447537, Longitude= -71.0053043834313,  (at simulation time 113.800,900,  (at simulation time 113.801,800
2023-11-20 22:22:37,264 INFO  - ,Broadcast V2X Message from ,rsu_2,veh_2, InterVehicleMsg{,30, 989,  41.632382935740885,  -71.0077086334615, Road CLOSED, Latitude= 41.63237478447537, Longitude= -71.0053043834313,  (at simulation time 113.901,400,  (at simulation time 113.901,800
2023-11-20 22:22:37,264 INFO  - ,Broadcast V2X Message from ,rsu_2,veh_2, InterVehicleMsg{,30, 990,  41.632382935740885,  -71.0077086334615, Road CLOSED, Latitude= 41.6323765837086, Longitude= -71.00521259905094,  (at simulation time 114.001,900,  (at simulation time 114.004,300
2023-11-20 22:22:37,264 INFO  - ,Broadcast V2X Message from ,rsu_2,veh_2, InterVehicleMsg{,30, 991,  41.632382935740885,  -71.0077086334615, Road CLOSED, Latitude= 41.6323765837086, Longitude= -71.00521259905094,  (at simulation time 114.101,900,  (at simulation time 114.104,300
2023-11-20 22:22:37,264 INFO  - ,Broadcast V2X Message from ,rsu_2,veh_2, InterVehicleMsg{,30, 992,  41.632382935740885,  -71.0077086334615, Road CLOSED, Latitude= 41.6323765837086, Longitude= -71.00521259905094,  (at simulation time 114.200,900,  (at simulation time 114.202,800
2023-11-20 22:22:37,264 INFO  - ,Broadcast V2X Message from ,rsu_2,veh_2, InterVehicleMsg{,30, 993,  41.632382935740885,  -71.0077086334615, Road CLOSED, Latitude= 41.6323765837086, Longitude= -71.00521259905094,  (at simulation time 114.302,400,  (at simulation time 114.302,800
2023-11-20 22:22:37,264 INFO  - ,Broadcast V2X Message from ,rsu_2,veh_2, InterVehicleMsg{,30, 994,  41.632382935740885,  -71.0077086334615, Road CLOSED, Latitude= 41.6323765837086, Longitude= -71.00521259905094,  (at simulation time 114.400,400,  (at simulation time 114.401,300
2023-11-20 22:22:37,264 INFO  - ,Broadcast V2X Message from ,rsu_2,veh_2, InterVehicleMsg{,30, 995,  41.632382935740885,  -71.0077086334615, Road CLOSED, Latitude= 41.6323765837086, Longitude= -71.00521259905094,  (at simulation time 114.501,900,  (at simulation time 114.504,300
2023-11-20 22:22:37,264 INFO  - ,Broadcast V2X Message from ,rsu_2,veh_2, InterVehicleMsg{,30, 996,  41.632382935740885,  -71.0077086334615, Road CLOSED, Latitude= 41.6323765837086, Longitude= -71.00521259905094,  (at simulation time 114.600,400,  (at simulation time 114.602,800
2023-11-20 22:22:37,264 INFO  - ,Broadcast V2X Message from ,rsu_2,veh_2, InterVehicleMsg{,30, 997,  41.632382935740885,  -71.0077086334615, Road CLOSED, Latitude= 41.6323765837086, Longitude= -71.00521259905094,  (at simulation time 114.701,400,  (at simulation time 114.701,800
2023-11-20 22:22:37,264 INFO  - ,Broadcast V2X Message from ,rsu_2,veh_2, InterVehicleMsg{,30, 998,  41.632382935740885,  -71.0077086334615, Road CLOSED, Latitude= 41.6323765837086, Longitude= -71.00521259905094,  (at simulation time 114.800,400,  (at simulation time 114.802,300
2023-11-20 22:22:37,264 INFO  - ,Broadcast V2X Message from ,rsu_2,veh_2, InterVehicleMsg{,30, 999,  41.632382935740885,  -71.0077086334615, Road CLOSED, Latitude= 41.6323765837086, Longitude= -71.00521259905094,  (at simulation time 114.900,900,  (at simulation time 114.902,300
2023-11-20 22:22:37,264 INFO  - ,Broadcast V2X Message from ,rsu_2,veh_2, InterVehicleMsg{,30, 1000,  41.632382935740885,  -71.0077086334615, Road CLOSED, Latitude= 41.63237533343986, Longitude= -71.00512570647314,  (at simulation time 115.000,400,  (at simulation time 115.002,300
2023-11-20 22:22:37,264 INFO  - ,Broadcast V2X Message from ,rsu_2,veh_2, InterVehicleMsg{,30, 1001,  41.632382935740885,  -71.0077086334615, Road CLOSED, Latitude= 41.63237533343986, Longitude= -71.00512570647314,  (at simulation time 115.102,400,  (at simulation time 115.104,300
2023-11-20 22:22:37,264 INFO  - ,Broadcast V2X Message from ,rsu_2,veh_2, InterVehicleMsg{,30, 1002,  41.632382935740885,  -71.0077086334615, Road CLOSED, Latitude= 41.63237533343986, Longitude= -71.00512570647314,  (at simulation time 115.202,400,  (at simulation time 115.204,800
2023-11-20 22:22:37,264 INFO  - ,Broadcast V2X Message from ,rsu_2,veh_2, InterVehicleMsg{,30, 1003,  41.632382935740885,  -71.0077086334615, Road CLOSED, Latitude= 41.63237533343986, Longitude= -71.00512570647314,  (at simulation time 115.301,900,  (at simulation time 115.304,300
2023-11-20 22:22:37,264 INFO  - ,Broadcast V2X Message from ,rsu_2,veh_2, InterVehicleMsg{,30, 1004,  41.632382935740885,  -71.0077086334615, Road CLOSED, Latitude= 41.63237533343986, Longitude= -71.00512570647314,  (at simulation time 115.401,400,  (at simulation time 115.401,800
2023-11-20 22:22:37,264 INFO  - ,Broadcast V2X Message from ,rsu_2,veh_2, InterVehicleMsg{,30, 1005,  41.632382935740885,  -71.0077086334615, Road CLOSED, Latitude= 41.63237533343986, Longitude= -71.00512570647314,  (at simulation time 115.500,400,  (at simulation time 115.501,300
2023-11-20 22:22:37,264 INFO  - ,Broadcast V2X Message from ,rsu_2,veh_2, InterVehicleMsg{,30, 1006,  41.632382935740885,  -71.0077086334615, Road CLOSED, Latitude= 41.63237533343986, Longitude= -71.00512570647314,  (at simulation time 115.601,900,  (at simulation time 115.603,300
2023-11-20 22:22:37,264 INFO  - ,Broadcast V2X Message from ,rsu_2,veh_2, InterVehicleMsg{,30, 1007,  41.632382935740885,  -71.0077086334615, Road CLOSED, Latitude= 41.63237533343986, Longitude= -71.00512570647314,  (at simulation time 115.701,900,  (at simulation time 115.703,800
2023-11-20 22:22:37,264 INFO  - ,Broadcast V2X Message from ,rsu_2,veh_2, InterVehicleMsg{,30, 1008,  41.632382935740885,  -71.0077086334615, Road CLOSED, Latitude= 41.63237533343986, Longitude= -71.00512570647314,  (at simulation time 115.801,900,  (at simulation time 115.803,800
2023-11-20 22:22:37,264 INFO  - ,Broadcast V2X Message from ,rsu_2,veh_2, InterVehicleMsg{,30, 1009,  41.632382935740885,  -71.0077086334615, Road CLOSED, Latitude= 41.63237533343986, Longitude= -71.00512570647314,  (at simulation time 115.901,400,  (at simulation time 115.901,800
2023-11-20 22:22:37,264 INFO  - ,Broadcast V2X Message from ,rsu_2,veh_2, InterVehicleMsg{,30, 1010,  41.632382935740885,  -71.0077086334615, Road CLOSED, Latitude= 41.63237414327003, Longitude= -71.00504057377447,  (at simulation time 116.000,900,  (at simulation time 116.001,800
2023-11-20 22:22:37,264 INFO  - ,Broadcast V2X Message from ,rsu_2,veh_2, InterVehicleMsg{,30, 1011,  41.632382935740885,  -71.0077086334615, Road CLOSED, Latitude= 41.63237414327003, Longitude= -71.00504057377447,  (at simulation time 116.101,900,  (at simulation time 116.103,300
2023-11-20 22:22:37,264 INFO  - ,Broadcast V2X Message from ,rsu_2,veh_2, InterVehicleMsg{,30, 1012,  41.632382935740885,  -71.0077086334615, Road CLOSED, Latitude= 41.63237414327003, Longitude= -71.00504057377447,  (at simulation time 116.200,900,  (at simulation time 116.202,800
2023-11-20 22:22:37,264 INFO  - ,Broadcast V2X Message from ,rsu_2,veh_2, InterVehicleMsg{,30, 1013,  41.632382935740885,  -71.0077086334615, Road CLOSED, Latitude= 41.63237414327003, Longitude= -71.00504057377447,  (at simulation time 116.300,900,  (at simulation time 116.301,300
2023-11-20 22:22:37,264 INFO  - ,Broadcast V2X Message from ,rsu_2,veh_2, InterVehicleMsg{,30, 1014,  41.632382935740885,  -71.0077086334615, Road CLOSED, Latitude= 41.63237414327003, Longitude= -71.00504057377447,  (at simulation time 116.402,400,  (at simulation time 116.403,300
2023-11-20 22:22:37,264 INFO  - ,Broadcast V2X Message from ,rsu_2,veh_2, InterVehicleMsg{,30, 1015,  41.632382935740885,  -71.0077086334615, Road CLOSED, Latitude= 41.63237414327003, Longitude= -71.00504057377447,  (at simulation time 116.501,400,  (at simulation time 116.503,300
2023-11-20 22:22:37,264 INFO  - ,Broadcast V2X Message from ,rsu_2,veh_2, InterVehicleMsg{,30, 1016,  41.632382935740885,  -71.0077086334615, Road CLOSED, Latitude= 41.63237414327003, Longitude= -71.00504057377447,  (at simulation time 116.601,400,  (at simulation time 116.601,800
2023-11-20 22:22:37,264 INFO  - ,Broadcast V2X Message from ,rsu_2,veh_2, InterVehicleMsg{,30, 1017,  41.632382935740885,  -71.0077086334615, Road CLOSED, Latitude= 41.63237414327003, Longitude= -71.00504057377447,  (at simulation time 116.701,400,  (at simulation time 116.703,300
2023-11-20 22:22:37,264 INFO  - ,Broadcast V2X Message from ,rsu_2,veh_2, InterVehicleMsg{,30, 1018,  41.632382935740885,  -71.0077086334615, Road CLOSED, Latitude= 41.63237414327003, Longitude= -71.00504057377447,  (at simulation time 116.800,900,  (at simulation time 116.801,300
2023-11-20 22:22:37,264 INFO  - ,Broadcast V2X Message from ,rsu_2,veh_2, InterVehicleMsg{,30, 1019,  41.632382935740885,  -71.0077086334615, Road CLOSED, Latitude= 41.63237414327003, Longitude= -71.00504057377447,  (at simulation time 116.900,400,  (at simulation time 116.901,800
2023-11-20 22:22:37,264 INFO  - ,Broadcast V2X Message from ,rsu_2,veh_2, InterVehicleMsg{,30, 1020,  41.632382935740885,  -71.0077086334615, Road CLOSED, Latitude= 41.632368834724105, Longitude= -71.00495150758293,  (at simulation time 117.001,900,  (at simulation time 117.004,300
2023-11-20 22:22:37,264 INFO  - ,Broadcast V2X Message from ,rsu_2,veh_2, InterVehicleMsg{,30, 1021,  41.632382935740885,  -71.0077086334615, Road CLOSED, Latitude= 41.632368834724105, Longitude= -71.00495150758293,  (at simulation time 117.101,400,  (at simulation time 117.103,300
2023-11-20 22:22:37,264 INFO  - ,Broadcast V2X Message from ,rsu_2,veh_2, InterVehicleMsg{,30, 1022,  41.632382935740885,  -71.0077086334615, Road CLOSED, Latitude= 41.632368834724105, Longitude= -71.00495150758293,  (at simulation time 117.201,900,  (at simulation time 117.203,800
2023-11-20 22:22:37,264 INFO  - ,Broadcast V2X Message from ,rsu_2,veh_2, InterVehicleMsg{,30, 1023,  41.632382935740885,  -71.0077086334615, Road CLOSED, Latitude= 41.632368834724105, Longitude= -71.00495150758293,  (at simulation time 117.301,400,  (at simulation time 117.301,800
2023-11-20 22:22:37,264 INFO  - ,Broadcast V2X Message from ,rsu_2,veh_2, InterVehicleMsg{,30, 1024,  41.632382935740885,  -71.0077086334615, Road CLOSED, Latitude= 41.632368834724105, Longitude= -71.00495150758293,  (at simulation time 117.402,400,  (at simulation time 117.402,800
2023-11-20 22:22:37,264 INFO  - ,Broadcast V2X Message from ,rsu_2,veh_2, InterVehicleMsg{,30, 1025,  41.632382935740885,  -71.0077086334615, Road CLOSED, Latitude= 41.632368834724105, Longitude= -71.00495150758293,  (at simulation time 117.502,400,  (at simulation time 117.503,300
2023-11-20 22:22:37,264 INFO  - ,Broadcast V2X Message from ,rsu_2,veh_2, InterVehicleMsg{,30, 1026,  41.632382935740885,  -71.0077086334615, Road CLOSED, Latitude= 41.632368834724105, Longitude= -71.00495150758293,  (at simulation time 117.600,900,  (at simulation time 117.602,300
2023-11-20 22:22:37,264 INFO  - ,Broadcast V2X Message from ,rsu_2,veh_2, InterVehicleMsg{,30, 1027,  41.632382935740885,  -71.0077086334615, Road CLOSED, Latitude= 41.632368834724105, Longitude= -71.00495150758293,  (at simulation time 117.701,400,  (at simulation time 117.701,800
2023-11-20 22:22:37,264 INFO  - ,Broadcast V2X Message from ,rsu_2,veh_2, InterVehicleMsg{,30, 1028,  41.632382935740885,  -71.0077086334615, Road CLOSED, Latitude= 41.632368834724105, Longitude= -71.00495150758293,  (at simulation time 117.800,900,  (at simulation time 117.802,300
2023-11-20 22:22:37,264 INFO  - ,Broadcast V2X Message from ,rsu_2,veh_2, InterVehicleMsg{,30, 1029,  41.632382935740885,  -71.0077086334615, Road CLOSED, Latitude= 41.632368834724105, Longitude= -71.00495150758293,  (at simulation time 117.902,400,  (at simulation time 117.902,800
2023-11-20 22:22:37,280 INFO  - ,Broadcast V2X Message from ,rsu_2,veh_2, InterVehicleMsg{,30, 1030,  41.632382935740885,  -71.0077086334615, Road CLOSED, Latitude= 41.63236303165933, Longitude= -71.0048623082666,  (at simulation time 118.000,400,  (at simulation time 118.001,300
2023-11-20 22:22:37,280 INFO  - ,Broadcast V2X Message from ,rsu_2,veh_2, InterVehicleMsg{,30, 1031,  41.632382935740885,  -71.0077086334615, Road CLOSED, Latitude= 41.63236303165933, Longitude= -71.0048623082666,  (at simulation time 118.101,400,  (at simulation time 118.103,300
2023-11-20 22:22:37,280 INFO  - ,Broadcast V2X Message from ,rsu_2,veh_2, InterVehicleMsg{,30, 1032,  41.632382935740885,  -71.0077086334615, Road CLOSED, Latitude= 41.63236303165933, Longitude= -71.0048623082666,  (at simulation time 118.200,400,  (at simulation time 118.201,800
2023-11-20 22:22:37,280 INFO  - ,Broadcast V2X Message from ,rsu_2,veh_2, InterVehicleMsg{,30, 1033,  41.632382935740885,  -71.0077086334615, Road CLOSED, Latitude= 41.63236303165933, Longitude= -71.0048623082666,  (at simulation time 118.302,400,  (at simulation time 118.302,800
2023-11-20 22:22:37,280 INFO  - ,Broadcast V2X Message from ,rsu_2,veh_2, InterVehicleMsg{,30, 1034,  41.632382935740885,  -71.0077086334615, Road CLOSED, Latitude= 41.63236303165933, Longitude= -71.0048623082666,  (at simulation time 118.400,900,  (at simulation time 118.401,800
2023-11-20 22:22:37,280 INFO  - ,Broadcast V2X Message from ,rsu_2,veh_2, InterVehicleMsg{,30, 1035,  41.632382935740885,  -71.0077086334615, Road CLOSED, Latitude= 41.63236303165933, Longitude= -71.0048623082666,  (at simulation time 118.500,900,  (at simulation time 118.501,800
2023-11-20 22:22:37,280 INFO  - ,Broadcast V2X Message from ,rsu_2,veh_2, InterVehicleMsg{,30, 1036,  41.632382935740885,  -71.0077086334615, Road CLOSED, Latitude= 41.63236303165933, Longitude= -71.0048623082666,  (at simulation time 118.600,900,  (at simulation time 118.601,800
2023-11-20 22:22:37,280 INFO  - ,Broadcast V2X Message from ,rsu_2,veh_2, InterVehicleMsg{,30, 1037,  41.632382935740885,  -71.0077086334615, Road CLOSED, Latitude= 41.63236303165933, Longitude= -71.0048623082666,  (at simulation time 118.701,400,  (at simulation time 118.703,300
2023-11-20 22:22:37,280 INFO  - ,Broadcast V2X Message from ,rsu_2,veh_2, InterVehicleMsg{,30, 1038,  41.632382935740885,  -71.0077086334615, Road CLOSED, Latitude= 41.63236303165933, Longitude= -71.0048623082666,  (at simulation time 118.801,900,  (at simulation time 118.803,300
2023-11-20 22:22:37,280 INFO  - ,Broadcast V2X Message from ,rsu_2,veh_2, InterVehicleMsg{,30, 1039,  41.632382935740885,  -71.0077086334615, Road CLOSED, Latitude= 41.63236303165933, Longitude= -71.0048623082666,  (at simulation time 118.902,400,  (at simulation time 118.904,300
2023-11-20 22:22:37,280 INFO  - ,Broadcast V2X Message from ,rsu_2,veh_2, InterVehicleMsg{,30, 1040,  41.632382935740885,  -71.0077086334615, Road CLOSED, Latitude= 41.632354825591925, Longitude= -71.00477390310908,  (at simulation time 119.000,900,  (at simulation time 119.002,300
2023-11-20 22:22:37,280 INFO  - ,Broadcast V2X Message from ,rsu_2,veh_2, InterVehicleMsg{,30, 1041,  41.632382935740885,  -71.0077086334615, Road CLOSED, Latitude= 41.632354825591925, Longitude= -71.00477390310908,  (at simulation time 119.100,400,  (at simulation time 119.101,300
2023-11-20 22:22:37,280 INFO  - ,Broadcast V2X Message from ,rsu_2,veh_2, InterVehicleMsg{,30, 1042,  41.632382935740885,  -71.0077086334615, Road CLOSED, Latitude= 41.632354825591925, Longitude= -71.00477390310908,  (at simulation time 119.200,900,  (at simulation time 119.203,300
2023-11-20 22:22:37,280 INFO  - ,Broadcast V2X Message from ,rsu_2,veh_2, InterVehicleMsg{,30, 1043,  41.632382935740885,  -71.0077086334615, Road CLOSED, Latitude= 41.632354825591925, Longitude= -71.00477390310908,  (at simulation time 119.301,900,  (at simulation time 119.302,800
2023-11-20 22:22:37,280 INFO  - ,Broadcast V2X Message from ,rsu_2,veh_2, InterVehicleMsg{,30, 1044,  41.632382935740885,  -71.0077086334615, Road CLOSED, Latitude= 41.632354825591925, Longitude= -71.00477390310908,  (at simulation time 119.402,400,  (at simulation time 119.402,800
2023-11-20 22:22:37,280 INFO  - ,Broadcast V2X Message from ,rsu_2,veh_2, InterVehicleMsg{,30, 1045,  41.632382935740885,  -71.0077086334615, Road CLOSED, Latitude= 41.632354825591925, Longitude= -71.00477390310908,  (at simulation time 119.501,400,  (at simulation time 119.501,800
2023-11-20 22:22:37,280 INFO  - ,Broadcast V2X Message from ,rsu_2,veh_2, InterVehicleMsg{,30, 1046,  41.632382935740885,  -71.0077086334615, Road CLOSED, Latitude= 41.632354825591925, Longitude= -71.00477390310908,  (at simulation time 119.600,400,  (at simulation time 119.601,300
2023-11-20 22:22:37,280 INFO  - ,Broadcast V2X Message from ,rsu_2,veh_2, InterVehicleMsg{,30, 1047,  41.632382935740885,  -71.0077086334615, Road CLOSED, Latitude= 41.632354825591925, Longitude= -71.00477390310908,  (at simulation time 119.700,900,  (at simulation time 119.701,300
2023-11-20 22:22:37,280 INFO  - ,Broadcast V2X Message from ,rsu_2,veh_2, InterVehicleMsg{,30, 1048,  41.632382935740885,  -71.0077086334615, Road CLOSED, Latitude= 41.632354825591925, Longitude= -71.00477390310908,  (at simulation time 119.802,400,  (at simulation time 119.804,800
2023-11-20 22:22:37,280 INFO  - ,Broadcast V2X Message from ,rsu_2,veh_2, InterVehicleMsg{,30, 1049,  41.632382935740885,  -71.0077086334615, Road CLOSED, Latitude= 41.632354825591925, Longitude= -71.00477390310908,  (at simulation time 119.901,400,  (at simulation time 119.901,800
2023-11-20 22:22:37,280 INFO  - ,Broadcast V2X Message from ,rsu_2,veh_2, InterVehicleMsg{,30, 1050,  41.632382935740885,  -71.0077086334615, Road CLOSED, Latitude= 41.632345195298534, Longitude= -71.00468741788252,  (at simulation time 120.001,400,  (at simulation time 120.002,300
2023-11-20 22:22:37,280 INFO  - ,Broadcast V2X Message from ,rsu_2,veh_2, InterVehicleMsg{,30, 1051,  41.632382935740885,  -71.0077086334615, Road CLOSED, Latitude= 41.632345195298534, Longitude= -71.00468741788252,  (at simulation time 120.100,400,  (at simulation time 120.102,300
2023-11-20 22:22:37,280 INFO  - ,Broadcast V2X Message from ,rsu_2,veh_2, InterVehicleMsg{,30, 1052,  41.632382935740885,  -71.0077086334615, Road CLOSED, Latitude= 41.632345195298534, Longitude= -71.00468741788252,  (at simulation time 120.200,900,  (at simulation time 120.201,800
2023-11-20 22:22:37,280 INFO  - ,Broadcast V2X Message from ,rsu_2,veh_2, InterVehicleMsg{,30, 1053,  41.632382935740885,  -71.0077086334615, Road CLOSED, Latitude= 41.632345195298534, Longitude= -71.00468741788252,  (at simulation time 120.302,400,  (at simulation time 120.304,300
2023-11-20 22:22:37,280 INFO  - ,Broadcast V2X Message from ,rsu_2,veh_2, InterVehicleMsg{,30, 1054,  41.632382935740885,  -71.0077086334615, Road CLOSED, Latitude= 41.632345195298534, Longitude= -71.00468741788252,  (at simulation time 120.400,400,  (at simulation time 120.400,800
2023-11-20 22:22:37,280 INFO  - ,Broadcast V2X Message from ,rsu_2,veh_2, InterVehicleMsg{,30, 1055,  41.632382935740885,  -71.0077086334615, Road CLOSED, Latitude= 41.632345195298534, Longitude= -71.00468741788252,  (at simulation time 120.501,400,  (at simulation time 120.503,800
2023-11-20 22:22:37,280 INFO  - ,Broadcast V2X Message from ,rsu_2,veh_2, InterVehicleMsg{,30, 1056,  41.632382935740885,  -71.0077086334615, Road CLOSED, Latitude= 41.632345195298534, Longitude= -71.00468741788252,  (at simulation time 120.600,400,  (at simulation time 120.602,300
2023-11-20 22:22:37,280 INFO  - ,Broadcast V2X Message from ,rsu_2,veh_2, InterVehicleMsg{,30, 1057,  41.632382935740885,  -71.0077086334615, Road CLOSED, Latitude= 41.632345195298534, Longitude= -71.00468741788252,  (at simulation time 120.700,900,  (at simulation time 120.701,300
2023-11-20 22:22:37,280 INFO  - ,Broadcast V2X Message from ,rsu_2,veh_2, InterVehicleMsg{,30, 1058,  41.632382935740885,  -71.0077086334615, Road CLOSED, Latitude= 41.632345195298534, Longitude= -71.00468741788252,  (at simulation time 120.801,400,  (at simulation time 120.803,300
2023-11-20 22:22:37,280 INFO  - ,Broadcast V2X Message from ,rsu_2,veh_2, InterVehicleMsg{,30, 1059,  41.632382935740885,  -71.0077086334615, Road CLOSED, Latitude= 41.632345195298534, Longitude= -71.00468741788252,  (at simulation time 120.901,400,  (at simulation time 120.903,800
2023-11-20 22:22:37,280 INFO  - ,Broadcast V2X Message from ,rsu_2,veh_2, InterVehicleMsg{,30, 1060,  41.632382935740885,  -71.0077086334615, Road CLOSED, Latitude= 41.63233377874437, Longitude= -71.00459656761174,  (at simulation time 121.001,400,  (at simulation time 121.003,800
2023-11-20 22:22:37,280 INFO  - ,Broadcast V2X Message from ,rsu_2,veh_2, InterVehicleMsg{,30, 1061,  41.632382935740885,  -71.0077086334615, Road CLOSED, Latitude= 41.63233377874437, Longitude= -71.00459656761174,  (at simulation time 121.101,900,  (at simulation time 121.102,800
2023-11-20 22:22:37,280 INFO  - ,Broadcast V2X Message from ,rsu_2,veh_2, InterVehicleMsg{,30, 1062,  41.632382935740885,  -71.0077086334615, Road CLOSED, Latitude= 41.63233377874437, Longitude= -71.00459656761174,  (at simulation time 121.201,400,  (at simulation time 121.201,800
2023-11-20 22:22:37,280 INFO  - ,Broadcast V2X Message from ,rsu_2,veh_2, InterVehicleMsg{,30, 1063,  41.632382935740885,  -71.0077086334615, Road CLOSED, Latitude= 41.63233377874437, Longitude= -71.00459656761174,  (at simulation time 121.301,400,  (at simulation time 121.301,800
2023-11-20 22:22:37,280 INFO  - ,Broadcast V2X Message from ,rsu_2,veh_2, InterVehicleMsg{,30, 1064,  41.632382935740885,  -71.0077086334615, Road CLOSED, Latitude= 41.63233377874437, Longitude= -71.00459656761174,  (at simulation time 121.401,900,  (at simulation time 121.402,800
2023-11-20 22:22:37,280 INFO  - ,Broadcast V2X Message from ,rsu_2,veh_2, InterVehicleMsg{,30, 1065,  41.632382935740885,  -71.0077086334615, Road CLOSED, Latitude= 41.63233377874437, Longitude= -71.00459656761174,  (at simulation time 121.500,900,  (at simulation time 121.501,300
2023-11-20 22:22:37,280 INFO  - ,Broadcast V2X Message from ,rsu_2,veh_2, InterVehicleMsg{,30, 1066,  41.632382935740885,  -71.0077086334615, Road CLOSED, Latitude= 41.63233377874437, Longitude= -71.00459656761174,  (at simulation time 121.600,400,  (at simulation time 121.600,800
2023-11-20 22:22:37,280 INFO  - ,Broadcast V2X Message from ,rsu_2,veh_2, InterVehicleMsg{,30, 1067,  41.632382935740885,  -71.0077086334615, Road CLOSED, Latitude= 41.63233377874437, Longitude= -71.00459656761174,  (at simulation time 121.700,900,  (at simulation time 121.702,800
2023-11-20 22:22:37,280 INFO  - ,Broadcast V2X Message from ,rsu_2,veh_2, InterVehicleMsg{,30, 1068,  41.632382935740885,  -71.0077086334615, Road CLOSED, Latitude= 41.63233377874437, Longitude= -71.00459656761174,  (at simulation time 121.801,900,  (at simulation time 121.803,300
2023-11-20 22:22:37,280 INFO  - ,Broadcast V2X Message from ,rsu_2,veh_2, InterVehicleMsg{,30, 1069,  41.632382935740885,  -71.0077086334615, Road CLOSED, Latitude= 41.63233377874437, Longitude= -71.00459656761174,  (at simulation time 121.900,900,  (at simulation time 121.901,300
2023-11-20 22:22:37,280 INFO  - ,Broadcast V2X Message from ,rsu_2,veh_2, InterVehicleMsg{,30, 1070,  41.632382935740885,  -71.0077086334615, Road CLOSED, Latitude= 41.632321263951155, Longitude= -71.004518852953,  (at simulation time 122.001,900,  (at simulation time 122.002,800
2023-11-20 22:22:37,280 INFO  - ,Broadcast V2X Message from ,rsu_2,veh_2, InterVehicleMsg{,30, 1071,  41.632382935740885,  -71.0077086334615, Road CLOSED, Latitude= 41.632321263951155, Longitude= -71.004518852953,  (at simulation time 122.102,400,  (at simulation time 122.104,300
2023-11-20 22:22:37,280 INFO  - ,Broadcast V2X Message from ,rsu_2,veh_2, InterVehicleMsg{,30, 1072,  41.632382935740885,  -71.0077086334615, Road CLOSED, Latitude= 41.632321263951155, Longitude= -71.004518852953,  (at simulation time 122.200,400,  (at simulation time 122.201,300
2023-11-20 22:22:37,280 INFO  - ,Broadcast V2X Message from ,rsu_2,veh_2, InterVehicleMsg{,30, 1073,  41.632382935740885,  -71.0077086334615, Road CLOSED, Latitude= 41.632321263951155, Longitude= -71.004518852953,  (at simulation time 122.301,400,  (at simulation time 122.301,800
2023-11-20 22:22:37,280 INFO  - ,Broadcast V2X Message from ,rsu_2,veh_2, InterVehicleMsg{,30, 1074,  41.632382935740885,  -71.0077086334615, Road CLOSED, Latitude= 41.632321263951155, Longitude= -71.004518852953,  (at simulation time 122.400,900,  (at simulation time 122.402,800
2023-11-20 22:22:37,280 INFO  - ,Broadcast V2X Message from ,rsu_2,veh_2, InterVehicleMsg{,30, 1075,  41.632382935740885,  -71.0077086334615, Road CLOSED, Latitude= 41.632321263951155, Longitude= -71.004518852953,  (at simulation time 122.501,900,  (at simulation time 122.502,300
2023-11-20 22:22:37,280 INFO  - ,Broadcast V2X Message from ,rsu_2,veh_2, InterVehicleMsg{,30, 1076,  41.632382935740885,  -71.0077086334615, Road CLOSED, Latitude= 41.632321263951155, Longitude= -71.004518852953,  (at simulation time 122.602,400,  (at simulation time 122.603,800
2023-11-20 22:22:37,280 INFO  - ,Broadcast V2X Message from ,rsu_2,veh_2, InterVehicleMsg{,30, 1077,  41.632382935740885,  -71.0077086334615, Road CLOSED, Latitude= 41.632321263951155, Longitude= -71.004518852953,  (at simulation time 122.702,400,  (at simulation time 122.704,800
2023-11-20 22:22:37,280 INFO  - ,Broadcast V2X Message from ,rsu_2,veh_2, InterVehicleMsg{,30, 1078,  41.632382935740885,  -71.0077086334615, Road CLOSED, Latitude= 41.632321263951155, Longitude= -71.004518852953,  (at simulation time 122.800,900,  (at simulation time 122.802,300
2023-11-20 22:22:37,280 INFO  - ,Broadcast V2X Message from ,rsu_2,veh_2, InterVehicleMsg{,30, 1079,  41.632382935740885,  -71.0077086334615, Road CLOSED, Latitude= 41.632321263951155, Longitude= -71.004518852953,  (at simulation time 122.902,400,  (at simulation time 122.902,800
2023-11-20 22:22:37,280 INFO  - ,Broadcast V2X Message from ,rsu_2,veh_2, InterVehicleMsg{,30, 1080,  41.632382935740885,  -71.0077086334615, Road CLOSED, Latitude= 41.63230886159676, Longitude= -71.00444183687361,  (at simulation time 123.002,400,  (at simulation time 123.002,800
2023-11-20 22:22:37,280 INFO  - ,Broadcast V2X Message from ,rsu_2,veh_2, InterVehicleMsg{,30, 1081,  41.632382935740885,  -71.0077086334615, Road CLOSED, Latitude= 41.63230886159676, Longitude= -71.00444183687361,  (at simulation time 123.101,900,  (at simulation time 123.102,800
2023-11-20 22:22:37,280 INFO  - ,Broadcast V2X Message from ,rsu_2,veh_2, InterVehicleMsg{,30, 1082,  41.632382935740885,  -71.0077086334615, Road CLOSED, Latitude= 41.63230886159676, Longitude= -71.00444183687361,  (at simulation time 123.200,900,  (at simulation time 123.202,300
2023-11-20 22:22:37,280 INFO  - ,Broadcast V2X Message from ,rsu_2,veh_2, InterVehicleMsg{,30, 1083,  41.632382935740885,  -71.0077086334615, Road CLOSED, Latitude= 41.63230886159676, Longitude= -71.00444183687361,  (at simulation time 123.300,400,  (at simulation time 123.301,800
2023-11-20 22:22:37,280 INFO  - ,Broadcast V2X Message from ,rsu_2,veh_2, InterVehicleMsg{,30, 1084,  41.632382935740885,  -71.0077086334615, Road CLOSED, Latitude= 41.63230886159676, Longitude= -71.00444183687361,  (at simulation time 123.401,400,  (at simulation time 123.403,800
2023-11-20 22:22:37,280 INFO  - ,Broadcast V2X Message from ,rsu_2,veh_2, InterVehicleMsg{,30, 1085,  41.632382935740885,  -71.0077086334615, Road CLOSED, Latitude= 41.63230886159676, Longitude= -71.00444183687361,  (at simulation time 123.500,900,  (at simulation time 123.503,300
2023-11-20 22:22:37,280 INFO  - ,Broadcast V2X Message from ,rsu_2,veh_2, InterVehicleMsg{,30, 1086,  41.632382935740885,  -71.0077086334615, Road CLOSED, Latitude= 41.63230886159676, Longitude= -71.00444183687361,  (at simulation time 123.600,900,  (at simulation time 123.603,300
2023-11-20 22:22:37,280 INFO  - ,Broadcast V2X Message from ,rsu_2,veh_2, InterVehicleMsg{,30, 1087,  41.632382935740885,  -71.0077086334615, Road CLOSED, Latitude= 41.63230886159676, Longitude= -71.00444183687361,  (at simulation time 123.700,400,  (at simulation time 123.702,300
2023-11-20 22:22:37,280 INFO  - ,Broadcast V2X Message from ,rsu_2,veh_2, InterVehicleMsg{,30, 1088,  41.632382935740885,  -71.0077086334615, Road CLOSED, Latitude= 41.63230886159676, Longitude= -71.00444183687361,  (at simulation time 123.800,400,  (at simulation time 123.802,300
2023-11-20 22:22:37,280 INFO  - ,Broadcast V2X Message from ,rsu_2,veh_2, InterVehicleMsg{,30, 1089,  41.632382935740885,  -71.0077086334615, Road CLOSED, Latitude= 41.63230886159676, Longitude= -71.00444183687361,  (at simulation time 123.900,400,  (at simulation time 123.902,800
2023-11-20 22:22:37,296 INFO  - ,Broadcast V2X Message from ,rsu_2,veh_2, InterVehicleMsg{,30, 1090,  41.632382935740885,  -71.0077086334615, Road CLOSED, Latitude= 41.632292700110405, Longitude= -71.00436075995914,  (at simulation time 124.001,400,  (at simulation time 124.003,300
2023-11-20 22:22:37,296 INFO  - ,Broadcast V2X Message from ,rsu_2,veh_2, InterVehicleMsg{,30, 1091,  41.632382935740885,  -71.0077086334615, Road CLOSED, Latitude= 41.632292700110405, Longitude= -71.00436075995914,  (at simulation time 124.100,900,  (at simulation time 124.102,300
2023-11-20 22:22:37,296 INFO  - ,Broadcast V2X Message from ,rsu_2,veh_2, InterVehicleMsg{,30, 1092,  41.632382935740885,  -71.0077086334615, Road CLOSED, Latitude= 41.632292700110405, Longitude= -71.00436075995914,  (at simulation time 124.200,400,  (at simulation time 124.202,300
2023-11-20 22:22:37,296 INFO  - ,Broadcast V2X Message from ,rsu_2,veh_2, InterVehicleMsg{,30, 1093,  41.632382935740885,  -71.0077086334615, Road CLOSED, Latitude= 41.632292700110405, Longitude= -71.00436075995914,  (at simulation time 124.300,900,  (at simulation time 124.301,300
2023-11-20 22:22:37,296 INFO  - ,Broadcast V2X Message from ,rsu_2,veh_2, InterVehicleMsg{,30, 1094,  41.632382935740885,  -71.0077086334615, Road CLOSED, Latitude= 41.632292700110405, Longitude= -71.00436075995914,  (at simulation time 124.400,900,  (at simulation time 124.402,800
2023-11-20 22:22:37,296 INFO  - ,Broadcast V2X Message from ,rsu_2,veh_2, InterVehicleMsg{,30, 1095,  41.632382935740885,  -71.0077086334615, Road CLOSED, Latitude= 41.632292700110405, Longitude= -71.00436075995914,  (at simulation time 124.500,400,  (at simulation time 124.501,800
2023-11-20 22:22:37,296 INFO  - ,Broadcast V2X Message from ,rsu_2,veh_2, InterVehicleMsg{,30, 1096,  41.632382935740885,  -71.0077086334615, Road CLOSED, Latitude= 41.632292700110405, Longitude= -71.00436075995914,  (at simulation time 124.601,400,  (at simulation time 124.602,300
2023-11-20 22:22:37,296 INFO  - ,Broadcast V2X Message from ,rsu_2,veh_2, InterVehicleMsg{,30, 1097,  41.632382935740885,  -71.0077086334615, Road CLOSED, Latitude= 41.632292700110405, Longitude= -71.00436075995914,  (at simulation time 124.701,400,  (at simulation time 124.702,800
2023-11-20 22:22:37,296 INFO  - ,Broadcast V2X Message from ,rsu_2,veh_2, InterVehicleMsg{,30, 1098,  41.632382935740885,  -71.0077086334615, Road CLOSED, Latitude= 41.632292700110405, Longitude= -71.00436075995914,  (at simulation time 124.801,400,  (at simulation time 124.803,300
2023-11-20 22:22:37,296 INFO  - ,Broadcast V2X Message from ,rsu_2,veh_2, InterVehicleMsg{,30, 1099,  41.632382935740885,  -71.0077086334615, Road CLOSED, Latitude= 41.632292700110405, Longitude= -71.00436075995914,  (at simulation time 124.901,900,  (at simulation time 124.903,300
2023-11-20 22:22:37,296 INFO  - ,Broadcast V2X Message from ,rsu_2,veh_2, InterVehicleMsg{,30, 1100,  41.632382935740885,  -71.0077086334615, Road CLOSED, Latitude= 41.632277307543276, Longitude= -71.00428838603627,  (at simulation time 125.000,900,  (at simulation time 125.002,800
2023-11-20 22:22:37,296 INFO  - ,Broadcast V2X Message from ,rsu_2,veh_2, InterVehicleMsg{,30, 1101,  41.632382935740885,  -71.0077086334615, Road CLOSED, Latitude= 41.632277307543276, Longitude= -71.00428838603627,  (at simulation time 125.102,400,  (at simulation time 125.104,800
2023-11-20 22:22:37,296 INFO  - ,Broadcast V2X Message from ,rsu_2,veh_2, InterVehicleMsg{,30, 1102,  41.632382935740885,  -71.0077086334615, Road CLOSED, Latitude= 41.632277307543276, Longitude= -71.00428838603627,  (at simulation time 125.202,400,  (at simulation time 125.203,300
2023-11-20 22:22:37,296 INFO  - ,Broadcast V2X Message from ,rsu_2,veh_2, InterVehicleMsg{,30, 1103,  41.632382935740885,  -71.0077086334615, Road CLOSED, Latitude= 41.632277307543276, Longitude= -71.00428838603627,  (at simulation time 125.300,900,  (at simulation time 125.303,300
2023-11-20 22:22:37,296 INFO  - ,Broadcast V2X Message from ,rsu_2,veh_2, InterVehicleMsg{,30, 1104,  41.632382935740885,  -71.0077086334615, Road CLOSED, Latitude= 41.632277307543276, Longitude= -71.00428838603627,  (at simulation time 125.400,400,  (at simulation time 125.401,300
2023-11-20 22:22:37,296 INFO  - ,Broadcast V2X Message from ,rsu_2,veh_2, InterVehicleMsg{,30, 1105,  41.632382935740885,  -71.0077086334615, Road CLOSED, Latitude= 41.632277307543276, Longitude= -71.00428838603627,  (at simulation time 125.502,400,  (at simulation time 125.504,300
2023-11-20 22:22:37,296 INFO  - ,Broadcast V2X Message from ,rsu_2,veh_2, InterVehicleMsg{,30, 1106,  41.632382935740885,  -71.0077086334615, Road CLOSED, Latitude= 41.632277307543276, Longitude= -71.00428838603627,  (at simulation time 125.600,900,  (at simulation time 125.601,300
2023-11-20 22:22:37,296 INFO  - ,Broadcast V2X Message from ,rsu_2,veh_2, InterVehicleMsg{,30, 1107,  41.632382935740885,  -71.0077086334615, Road CLOSED, Latitude= 41.632277307543276, Longitude= -71.00428838603627,  (at simulation time 125.700,400,  (at simulation time 125.701,300
2023-11-20 22:22:37,296 INFO  - ,Broadcast V2X Message from ,rsu_2,veh_2, InterVehicleMsg{,30, 1108,  41.632382935740885,  -71.0077086334615, Road CLOSED, Latitude= 41.632277307543276, Longitude= -71.00428838603627,  (at simulation time 125.801,400,  (at simulation time 125.803,800
2023-11-20 22:22:37,296 INFO  - ,Broadcast V2X Message from ,rsu_2,veh_2, InterVehicleMsg{,30, 1109,  41.632382935740885,  -71.0077086334615, Road CLOSED, Latitude= 41.632277307543276, Longitude= -71.00428838603627,  (at simulation time 125.900,900,  (at simulation time 125.901,300
2023-11-20 22:22:37,778 INFO  - ,Broadcast V2X Message from ,rsu_2,veh_2, InterVehicleMsg{,30, 2950,  41.632382935740885,  -71.0077086334615, Road CLOSED, Latitude= 41.63073185528173, Longitude= -71.01052250338543,  (at simulation time 423.001,900,  (at simulation time 423.004,300
2023-11-20 22:22:37,778 INFO  - ,Broadcast V2X Message from ,rsu_2,veh_2, InterVehicleMsg{,30, 2951,  41.632382935740885,  -71.0077086334615, Road CLOSED, Latitude= 41.63073185528173, Longitude= -71.01052250338543,  (at simulation time 423.101,900,  (at simulation time 423.103,300
2023-11-20 22:22:37,778 INFO  - ,Broadcast V2X Message from ,rsu_2,veh_2, InterVehicleMsg{,30, 2952,  41.632382935740885,  -71.0077086334615, Road CLOSED, Latitude= 41.63073185528173, Longitude= -71.01052250338543,  (at simulation time 423.201,400,  (at simulation time 423.202,800
2023-11-20 22:22:37,778 INFO  - ,Broadcast V2X Message from ,rsu_2,veh_2, InterVehicleMsg{,30, 2953,  41.632382935740885,  -71.0077086334615, Road CLOSED, Latitude= 41.63073185528173, Longitude= -71.01052250338543,  (at simulation time 423.301,900,  (at simulation time 423.302,800
2023-11-20 22:22:37,778 INFO  - ,Broadcast V2X Message from ,rsu_2,veh_2, InterVehicleMsg{,30, 2954,  41.632382935740885,  -71.0077086334615, Road CLOSED, Latitude= 41.63073185528173, Longitude= -71.01052250338543,  (at simulation time 423.402,400,  (at simulation time 423.403,300
2023-11-20 22:22:37,778 INFO  - ,Broadcast V2X Message from ,rsu_2,veh_2, InterVehicleMsg{,30, 2955,  41.632382935740885,  -71.0077086334615, Road CLOSED, Latitude= 41.63073185528173, Longitude= -71.01052250338543,  (at simulation time 423.501,900,  (at simulation time 423.502,800
2023-11-20 22:22:37,778 INFO  - ,Broadcast V2X Message from ,rsu_2,veh_2, InterVehicleMsg{,30, 2956,  41.632382935740885,  -71.0077086334615, Road CLOSED, Latitude= 41.63073185528173, Longitude= -71.01052250338543,  (at simulation time 423.602,400,  (at simulation time 423.603,800
2023-11-20 22:22:37,778 INFO  - ,Broadcast V2X Message from ,rsu_2,veh_2, InterVehicleMsg{,30, 2957,  41.632382935740885,  -71.0077086334615, Road CLOSED, Latitude= 41.63073185528173, Longitude= -71.01052250338543,  (at simulation time 423.701,400,  (at simulation time 423.703,800
2023-11-20 22:22:37,778 INFO  - ,Broadcast V2X Message from ,rsu_2,veh_2, InterVehicleMsg{,30, 2958,  41.632382935740885,  -71.0077086334615, Road CLOSED, Latitude= 41.63073185528173, Longitude= -71.01052250338543,  (at simulation time 423.800,400,  (at simulation time 423.802,300
2023-11-20 22:22:37,778 INFO  - ,Broadcast V2X Message from ,rsu_2,veh_2, InterVehicleMsg{,30, 2959,  41.632382935740885,  -71.0077086334615, Road CLOSED, Latitude= 41.63073185528173, Longitude= -71.01052250338543,  (at simulation time 423.900,400,  (at simulation time 423.900,800
2023-11-20 22:22:37,778 INFO  - ,Broadcast V2X Message from ,rsu_2,veh_2, InterVehicleMsg{,30, 2960,  41.632382935740885,  -71.0077086334615, Road CLOSED, Latitude= 41.63077764105397, Longitude= -71.0104683498818,  (at simulation time 424.001,400,  (at simulation time 424.003,300
2023-11-20 22:22:37,778 INFO  - ,Broadcast V2X Message from ,rsu_2,veh_2, InterVehicleMsg{,30, 2961,  41.632382935740885,  -71.0077086334615, Road CLOSED, Latitude= 41.63077764105397, Longitude= -71.0104683498818,  (at simulation time 424.100,900,  (at simulation time 424.101,300
2023-11-20 22:22:37,778 INFO  - ,Broadcast V2X Message from ,rsu_2,veh_2, InterVehicleMsg{,30, 2962,  41.632382935740885,  -71.0077086334615, Road CLOSED, Latitude= 41.63077764105397, Longitude= -71.0104683498818,  (at simulation time 424.201,400,  (at simulation time 424.203,300
2023-11-20 22:22:37,778 INFO  - ,Broadcast V2X Message from ,rsu_2,veh_2, InterVehicleMsg{,30, 2963,  41.632382935740885,  -71.0077086334615, Road CLOSED, Latitude= 41.63077764105397, Longitude= -71.0104683498818,  (at simulation time 424.300,900,  (at simulation time 424.301,800
2023-11-20 22:22:37,778 INFO  - ,Broadcast V2X Message from ,rsu_2,veh_2, InterVehicleMsg{,30, 2964,  41.632382935740885,  -71.0077086334615, Road CLOSED, Latitude= 41.63077764105397, Longitude= -71.0104683498818,  (at simulation time 424.400,900,  (at simulation time 424.403,300
2023-11-20 22:22:37,778 INFO  - ,Broadcast V2X Message from ,rsu_2,veh_2, InterVehicleMsg{,30, 2965,  41.632382935740885,  -71.0077086334615, Road CLOSED, Latitude= 41.63077764105397, Longitude= -71.0104683498818,  (at simulation time 424.500,900,  (at simulation time 424.501,300
2023-11-20 22:22:37,778 INFO  - ,Broadcast V2X Message from ,rsu_2,veh_2, InterVehicleMsg{,30, 2966,  41.632382935740885,  -71.0077086334615, Road CLOSED, Latitude= 41.63077764105397, Longitude= -71.0104683498818,  (at simulation time 424.600,400,  (at simulation time 424.601,300
2023-11-20 22:22:37,778 INFO  - ,Broadcast V2X Message from ,rsu_2,veh_2, InterVehicleMsg{,30, 2967,  41.632382935740885,  -71.0077086334615, Road CLOSED, Latitude= 41.63077764105397, Longitude= -71.0104683498818,  (at simulation time 424.700,400,  (at simulation time 424.701,800
2023-11-20 22:22:37,778 INFO  - ,Broadcast V2X Message from ,rsu_2,veh_2, InterVehicleMsg{,30, 2968,  41.632382935740885,  -71.0077086334615, Road CLOSED, Latitude= 41.63077764105397, Longitude= -71.0104683498818,  (at simulation time 424.800,400,  (at simulation time 424.801,300
2023-11-20 22:22:37,778 INFO  - ,Broadcast V2X Message from ,rsu_2,veh_2, InterVehicleMsg{,30, 2969,  41.632382935740885,  -71.0077086334615, Road CLOSED, Latitude= 41.63077764105397, Longitude= -71.0104683498818,  (at simulation time 424.902,400,  (at simulation time 424.904,800
2023-11-20 22:22:37,778 INFO  - ,Broadcast V2X Message from ,rsu_2,veh_2, InterVehicleMsg{,30, 2970,  41.632382935740885,  -71.0077086334615, Road CLOSED, Latitude= 41.63082187946497, Longitude= -71.01041131006602,  (at simulation time 425.000,900,  (at simulation time 425.002,800
2023-11-20 22:22:37,778 INFO  - ,Broadcast V2X Message from ,rsu_2,veh_2, InterVehicleMsg{,30, 2971,  41.632382935740885,  -71.0077086334615, Road CLOSED, Latitude= 41.63082187946497, Longitude= -71.01041131006602,  (at simulation time 425.100,900,  (at simulation time 425.102,300
2023-11-20 22:22:37,778 INFO  - ,Broadcast V2X Message from ,rsu_2,veh_2, InterVehicleMsg{,30, 2972,  41.632382935740885,  -71.0077086334615, Road CLOSED, Latitude= 41.63082187946497, Longitude= -71.01041131006602,  (at simulation time 425.201,900,  (at simulation time 425.202,800
2023-11-20 22:22:37,778 INFO  - ,Broadcast V2X Message from ,rsu_2,veh_2, InterVehicleMsg{,30, 2973,  41.632382935740885,  -71.0077086334615, Road CLOSED, Latitude= 41.63082187946497, Longitude= -71.01041131006602,  (at simulation time 425.301,900,  (at simulation time 425.304,300
2023-11-20 22:22:37,778 INFO  - ,Broadcast V2X Message from ,rsu_2,veh_2, InterVehicleMsg{,30, 2974,  41.632382935740885,  -71.0077086334615, Road CLOSED, Latitude= 41.63082187946497, Longitude= -71.01041131006602,  (at simulation time 425.400,400,  (at simulation time 425.401,800
2023-11-20 22:22:37,778 INFO  - ,Broadcast V2X Message from ,rsu_2,veh_2, InterVehicleMsg{,30, 2975,  41.632382935740885,  -71.0077086334615, Road CLOSED, Latitude= 41.63082187946497, Longitude= -71.01041131006602,  (at simulation time 425.500,400,  (at simulation time 425.502,300
2023-11-20 22:22:37,778 INFO  - ,Broadcast V2X Message from ,rsu_2,veh_2, InterVehicleMsg{,30, 2976,  41.632382935740885,  -71.0077086334615, Road CLOSED, Latitude= 41.63082187946497, Longitude= -71.01041131006602,  (at simulation time 425.601,400,  (at simulation time 425.602,300
2023-11-20 22:22:37,778 INFO  - ,Broadcast V2X Message from ,rsu_2,veh_2, InterVehicleMsg{,30, 2977,  41.632382935740885,  -71.0077086334615, Road CLOSED, Latitude= 41.63082187946497, Longitude= -71.01041131006602,  (at simulation time 425.700,900,  (at simulation time 425.702,800
2023-11-20 22:22:37,778 INFO  - ,Broadcast V2X Message from ,rsu_2,veh_2, InterVehicleMsg{,30, 2978,  41.632382935740885,  -71.0077086334615, Road CLOSED, Latitude= 41.63082187946497, Longitude= -71.01041131006602,  (at simulation time 425.800,400,  (at simulation time 425.801,800
2023-11-20 22:22:37,778 INFO  - ,Broadcast V2X Message from ,rsu_2,veh_2, InterVehicleMsg{,30, 2979,  41.632382935740885,  -71.0077086334615, Road CLOSED, Latitude= 41.63082187946497, Longitude= -71.01041131006602,  (at simulation time 425.900,400,  (at simulation time 425.900,800
2023-11-20 22:22:37,778 INFO  - ,Broadcast V2X Message from ,rsu_2,veh_2, InterVehicleMsg{,30, 2980,  41.632382935740885,  -71.0077086334615, Road CLOSED, Latitude= 41.63086785909946, Longitude= -71.01035064558567,  (at simulation time 426.001,900,  (at simulation time 426.003,300
2023-11-20 22:22:37,778 INFO  - ,Broadcast V2X Message from ,rsu_2,veh_2, InterVehicleMsg{,30, 2981,  41.632382935740885,  -71.0077086334615, Road CLOSED, Latitude= 41.63086785909946, Longitude= -71.01035064558567,  (at simulation time 426.101,900,  (at simulation time 426.103,800
2023-11-20 22:22:37,778 INFO  - ,Broadcast V2X Message from ,rsu_2,veh_2, InterVehicleMsg{,30, 2982,  41.632382935740885,  -71.0077086334615, Road CLOSED, Latitude= 41.63086785909946, Longitude= -71.01035064558567,  (at simulation time 426.200,400,  (at simulation time 426.201,300
2023-11-20 22:22:37,778 INFO  - ,Broadcast V2X Message from ,rsu_2,veh_2, InterVehicleMsg{,30, 2983,  41.632382935740885,  -71.0077086334615, Road CLOSED, Latitude= 41.63086785909946, Longitude= -71.01035064558567,  (at simulation time 426.301,400,  (at simulation time 426.301,800
2023-11-20 22:22:37,778 INFO  - ,Broadcast V2X Message from ,rsu_2,veh_2, InterVehicleMsg{,30, 2984,  41.632382935740885,  -71.0077086334615, Road CLOSED, Latitude= 41.63086785909946, Longitude= -71.01035064558567,  (at simulation time 426.400,900,  (at simulation time 426.401,800
2023-11-20 22:22:37,778 INFO  - ,Broadcast V2X Message from ,rsu_2,veh_2, InterVehicleMsg{,30, 2985,  41.632382935740885,  -71.0077086334615, Road CLOSED, Latitude= 41.63086785909946, Longitude= -71.01035064558567,  (at simulation time 426.502,400,  (at simulation time 426.502,800
2023-11-20 22:22:37,778 INFO  - ,Broadcast V2X Message from ,rsu_2,veh_2, InterVehicleMsg{,30, 2986,  41.632382935740885,  -71.0077086334615, Road CLOSED, Latitude= 41.63086785909946, Longitude= -71.01035064558567,  (at simulation time 426.601,900,  (at simulation time 426.604,300
2023-11-20 22:22:37,778 INFO  - ,Broadcast V2X Message from ,rsu_2,veh_2, InterVehicleMsg{,30, 2987,  41.632382935740885,  -71.0077086334615, Road CLOSED, Latitude= 41.63086785909946, Longitude= -71.01035064558567,  (at simulation time 426.701,400,  (at simulation time 426.703,800
2023-11-20 22:22:37,778 INFO  - ,Broadcast V2X Message from ,rsu_2,veh_2, InterVehicleMsg{,30, 2988,  41.632382935740885,  -71.0077086334615, Road CLOSED, Latitude= 41.63086785909946, Longitude= -71.01035064558567,  (at simulation time 426.802,400,  (at simulation time 426.803,800
2023-11-20 22:22:37,778 INFO  - ,Broadcast V2X Message from ,rsu_2,veh_2, InterVehicleMsg{,30, 2989,  41.632382935740885,  -71.0077086334615, Road CLOSED, Latitude= 41.63086785909946, Longitude= -71.01035064558567,  (at simulation time 426.902,400,  (at simulation time 426.902,800
2023-11-20 22:22:37,778 INFO  - ,Broadcast V2X Message from ,rsu_2,veh_2, InterVehicleMsg{,30, 2990,  41.632382935740885,  -71.0077086334615, Road CLOSED, Latitude= 41.63091378293939, Longitude= -71.0102886345892,  (at simulation time 427.001,900,  (at simulation time 427.002,300
2023-11-20 22:22:37,778 INFO  - ,Broadcast V2X Message from ,rsu_2,veh_2, InterVehicleMsg{,30, 2991,  41.632382935740885,  -71.0077086334615, Road CLOSED, Latitude= 41.63091378293939, Longitude= -71.0102886345892,  (at simulation time 427.102,400,  (at simulation time 427.104,800
2023-11-20 22:22:37,778 INFO  - ,Broadcast V2X Message from ,rsu_2,veh_2, InterVehicleMsg{,30, 2992,  41.632382935740885,  -71.0077086334615, Road CLOSED, Latitude= 41.63091378293939, Longitude= -71.0102886345892,  (at simulation time 427.200,400,  (at simulation time 427.200,800
2023-11-20 22:22:37,778 INFO  - ,Broadcast V2X Message from ,rsu_2,veh_2, InterVehicleMsg{,30, 2993,  41.632382935740885,  -71.0077086334615, Road CLOSED, Latitude= 41.63091378293939, Longitude= -71.0102886345892,  (at simulation time 427.302,400,  (at simulation time 427.302,800
2023-11-20 22:22:37,778 INFO  - ,Broadcast V2X Message from ,rsu_2,veh_2, InterVehicleMsg{,30, 2994,  41.632382935740885,  -71.0077086334615, Road CLOSED, Latitude= 41.63091378293939, Longitude= -71.0102886345892,  (at simulation time 427.400,900,  (at simulation time 427.402,300
2023-11-20 22:22:37,778 INFO  - ,Broadcast V2X Message from ,rsu_2,veh_2, InterVehicleMsg{,30, 2995,  41.632382935740885,  -71.0077086334615, Road CLOSED, Latitude= 41.63091378293939, Longitude= -71.0102886345892,  (at simulation time 427.501,400,  (at simulation time 427.501,800
2023-11-20 22:22:37,778 INFO  - ,Broadcast V2X Message from ,rsu_2,veh_2, InterVehicleMsg{,30, 2996,  41.632382935740885,  -71.0077086334615, Road CLOSED, Latitude= 41.63091378293939, Longitude= -71.0102886345892,  (at simulation time 427.601,400,  (at simulation time 427.601,800
2023-11-20 22:22:37,778 INFO  - ,Broadcast V2X Message from ,rsu_2,veh_2, InterVehicleMsg{,30, 2997,  41.632382935740885,  -71.0077086334615, Road CLOSED, Latitude= 41.63091378293939, Longitude= -71.0102886345892,  (at simulation time 427.700,900,  (at simulation time 427.703,300
2023-11-20 22:22:37,778 INFO  - ,Broadcast V2X Message from ,rsu_2,veh_2, InterVehicleMsg{,30, 2998,  41.632382935740885,  -71.0077086334615, Road CLOSED, Latitude= 41.63091378293939, Longitude= -71.0102886345892,  (at simulation time 427.801,400,  (at simulation time 427.803,800
2023-11-20 22:22:37,778 INFO  - ,Broadcast V2X Message from ,rsu_2,veh_2, InterVehicleMsg{,30, 2999,  41.632382935740885,  -71.0077086334615, Road CLOSED, Latitude= 41.63091378293939, Longitude= -71.0102886345892,  (at simulation time 427.901,900,  (at simulation time 427.903,300
2023-11-20 22:22:37,778 INFO  - ,Broadcast V2X Message from ,rsu_2,veh_2, InterVehicleMsg{,30, 3000,  41.632382935740885,  -71.0077086334615, Road CLOSED, Latitude= 41.63095336123062, Longitude= -71.01023258924246,  (at simulation time 428.002,400,  (at simulation time 428.003,300
2023-11-20 22:22:37,778 INFO  - ,Broadcast V2X Message from ,rsu_2,veh_2, InterVehicleMsg{,30, 3001,  41.632382935740885,  -71.0077086334615, Road CLOSED, Latitude= 41.63095336123062, Longitude= -71.01023258924246,  (at simulation time 428.100,400,  (at simulation time 428.101,300
2023-11-20 22:22:37,778 INFO  - ,Broadcast V2X Message from ,rsu_2,veh_2, InterVehicleMsg{,30, 3002,  41.632382935740885,  -71.0077086334615, Road CLOSED, Latitude= 41.63095336123062, Longitude= -71.01023258924246,  (at simulation time 428.200,900,  (at simulation time 428.201,800
2023-11-20 22:22:37,778 INFO  - ,Broadcast V2X Message from ,rsu_2,veh_2, InterVehicleMsg{,30, 3003,  41.632382935740885,  -71.0077086334615, Road CLOSED, Latitude= 41.63095336123062, Longitude= -71.01023258924246,  (at simulation time 428.301,400,  (at simulation time 428.302,800
2023-11-20 22:22:37,778 INFO  - ,Broadcast V2X Message from ,rsu_2,veh_2, InterVehicleMsg{,30, 3004,  41.632382935740885,  -71.0077086334615, Road CLOSED, Latitude= 41.63095336123062, Longitude= -71.01023258924246,  (at simulation time 428.400,400,  (at simulation time 428.400,800
2023-11-20 22:22:37,778 INFO  - ,Broadcast V2X Message from ,rsu_2,veh_2, InterVehicleMsg{,30, 3005,  41.632382935740885,  -71.0077086334615, Road CLOSED, Latitude= 41.63095336123062, Longitude= -71.01023258924246,  (at simulation time 428.500,900,  (at simulation time 428.501,300
2023-11-20 22:22:37,778 INFO  - ,Broadcast V2X Message from ,rsu_2,veh_2, InterVehicleMsg{,30, 3006,  41.632382935740885,  -71.0077086334615, Road CLOSED, Latitude= 41.63095336123062, Longitude= -71.01023258924246,  (at simulation time 428.600,900,  (at simulation time 428.602,300
2023-11-20 22:22:37,778 INFO  - ,Broadcast V2X Message from ,rsu_2,veh_2, InterVehicleMsg{,30, 3007,  41.632382935740885,  -71.0077086334615, Road CLOSED, Latitude= 41.63095336123062, Longitude= -71.01023258924246,  (at simulation time 428.702,400,  (at simulation time 428.703,300
2023-11-20 22:22:37,778 INFO  - ,Broadcast V2X Message from ,rsu_2,veh_2, InterVehicleMsg{,30, 3008,  41.632382935740885,  -71.0077086334615, Road CLOSED, Latitude= 41.63095336123062, Longitude= -71.01023258924246,  (at simulation time 428.800,400,  (at simulation time 428.802,800
2023-11-20 22:22:37,778 INFO  - ,Broadcast V2X Message from ,rsu_2,veh_2, InterVehicleMsg{,30, 3009,  41.632382935740885,  -71.0077086334615, Road CLOSED, Latitude= 41.63095336123062, Longitude= -71.01023258924246,  (at simulation time 428.902,400,  (at simulation time 428.903,300
2023-11-20 22:22:37,778 INFO  - ,Broadcast V2X Message from ,rsu_2,veh_2, InterVehicleMsg{,30, 3010,  41.632382935740885,  -71.0077086334615, Road CLOSED, Latitude= 41.63099752644975, Longitude= -71.01017004839294,  (at simulation time 429.000,400,  (at simulation time 429.001,300
2023-11-20 22:22:37,778 INFO  - ,Broadcast V2X Message from ,rsu_2,veh_2, InterVehicleMsg{,30, 3011,  41.632382935740885,  -71.0077086334615, Road CLOSED, Latitude= 41.63099752644975, Longitude= -71.01017004839294,  (at simulation time 429.101,900,  (at simulation time 429.102,300
2023-11-20 22:22:37,778 INFO  - ,Broadcast V2X Message from ,rsu_2,veh_2, InterVehicleMsg{,30, 3012,  41.632382935740885,  -71.0077086334615, Road CLOSED, Latitude= 41.63099752644975, Longitude= -71.01017004839294,  (at simulation time 429.201,400,  (at simulation time 429.202,300
2023-11-20 22:22:37,792 INFO  - ,Broadcast V2X Message from ,rsu_2,veh_2, InterVehicleMsg{,30, 3013,  41.632382935740885,  -71.0077086334615, Road CLOSED, Latitude= 41.63099752644975, Longitude= -71.01017004839294,  (at simulation time 429.301,900,  (at simulation time 429.303,800
2023-11-20 22:22:37,792 INFO  - ,Broadcast V2X Message from ,rsu_2,veh_2, InterVehicleMsg{,30, 3014,  41.632382935740885,  -71.0077086334615, Road CLOSED, Latitude= 41.63099752644975, Longitude= -71.01017004839294,  (at simulation time 429.402,400,  (at simulation time 429.404,300
2023-11-20 22:22:37,792 INFO  - ,Broadcast V2X Message from ,rsu_2,veh_2, InterVehicleMsg{,30, 3015,  41.632382935740885,  -71.0077086334615, Road CLOSED, Latitude= 41.63099752644975, Longitude= -71.01017004839294,  (at simulation time 429.501,900,  (at simulation time 429.503,300
2023-11-20 22:22:37,792 INFO  - ,Broadcast V2X Message from ,rsu_2,veh_2, InterVehicleMsg{,30, 3016,  41.632382935740885,  -71.0077086334615, Road CLOSED, Latitude= 41.63099752644975, Longitude= -71.01017004839294,  (at simulation time 429.602,400,  (at simulation time 429.604,800
2023-11-20 22:22:37,792 INFO  - ,Broadcast V2X Message from ,rsu_2,veh_2, InterVehicleMsg{,30, 3017,  41.632382935740885,  -71.0077086334615, Road CLOSED, Latitude= 41.63099752644975, Longitude= -71.01017004839294,  (at simulation time 429.701,400,  (at simulation time 429.702,300
2023-11-20 22:22:37,792 INFO  - ,Broadcast V2X Message from ,rsu_2,veh_2, InterVehicleMsg{,30, 3018,  41.632382935740885,  -71.0077086334615, Road CLOSED, Latitude= 41.63099752644975, Longitude= -71.01017004839294,  (at simulation time 429.801,900,  (at simulation time 429.803,800
2023-11-20 22:22:37,792 INFO  - ,Broadcast V2X Message from ,rsu_2,veh_2, InterVehicleMsg{,30, 3019,  41.632382935740885,  -71.0077086334615, Road CLOSED, Latitude= 41.63099752644975, Longitude= -71.01017004839294,  (at simulation time 429.900,900,  (at simulation time 429.901,800
2023-11-20 22:22:37,795 INFO  - ,Broadcast V2X Message from ,rsu_2,veh_2, InterVehicleMsg{,30, 3020,  41.632382935740885,  -71.0077086334615, Road CLOSED, Latitude= 41.63104338496345, Longitude= -71.01010130133281,  (at simulation time 430.002,400,  (at simulation time 430.003,800
2023-11-20 22:22:37,795 INFO  - ,Broadcast V2X Message from ,rsu_2,veh_2, InterVehicleMsg{,30, 3021,  41.632382935740885,  -71.0077086334615, Road CLOSED, Latitude= 41.63104338496345, Longitude= -71.01010130133281,  (at simulation time 430.102,400,  (at simulation time 430.103,300
2023-11-20 22:22:37,795 INFO  - ,Broadcast V2X Message from ,rsu_2,veh_2, InterVehicleMsg{,30, 3022,  41.632382935740885,  -71.0077086334615, Road CLOSED, Latitude= 41.63104338496345, Longitude= -71.01010130133281,  (at simulation time 430.201,400,  (at simulation time 430.203,800
2023-11-20 22:22:37,796 INFO  - ,Broadcast V2X Message from ,rsu_2,veh_2, InterVehicleMsg{,30, 3023,  41.632382935740885,  -71.0077086334615, Road CLOSED, Latitude= 41.63104338496345, Longitude= -71.01010130133281,  (at simulation time 430.300,900,  (at simulation time 430.301,800
2023-11-20 22:22:37,796 INFO  - ,Broadcast V2X Message from ,rsu_2,veh_2, InterVehicleMsg{,30, 3024,  41.632382935740885,  -71.0077086334615, Road CLOSED, Latitude= 41.63104338496345, Longitude= -71.01010130133281,  (at simulation time 430.401,900,  (at simulation time 430.404,300
2023-11-20 22:22:37,796 INFO  - ,Broadcast V2X Message from ,rsu_2,veh_2, InterVehicleMsg{,30, 3025,  41.632382935740885,  -71.0077086334615, Road CLOSED, Latitude= 41.63104338496345, Longitude= -71.01010130133281,  (at simulation time 430.501,900,  (at simulation time 430.503,800
2023-11-20 22:22:37,796 INFO  - ,Broadcast V2X Message from ,rsu_2,veh_2, InterVehicleMsg{,30, 3026,  41.632382935740885,  -71.0077086334615, Road CLOSED, Latitude= 41.63104338496345, Longitude= -71.01010130133281,  (at simulation time 430.601,900,  (at simulation time 430.602,300
2023-11-20 22:22:37,796 INFO  - ,Broadcast V2X Message from ,rsu_2,veh_2, InterVehicleMsg{,30, 3027,  41.632382935740885,  -71.0077086334615, Road CLOSED, Latitude= 41.63104338496345, Longitude= -71.01010130133281,  (at simulation time 430.702,400,  (at simulation time 430.703,800
2023-11-20 22:22:37,796 INFO  - ,Broadcast V2X Message from ,rsu_2,veh_2, InterVehicleMsg{,30, 3028,  41.632382935740885,  -71.0077086334615, Road CLOSED, Latitude= 41.63104338496345, Longitude= -71.01010130133281,  (at simulation time 430.800,900,  (at simulation time 430.801,300
2023-11-20 22:22:37,796 INFO  - ,Broadcast V2X Message from ,rsu_2,veh_2, InterVehicleMsg{,30, 3029,  41.632382935740885,  -71.0077086334615, Road CLOSED, Latitude= 41.63104338496345, Longitude= -71.01010130133281,  (at simulation time 430.901,400,  (at simulation time 430.902,800
2023-11-20 22:22:37,797 INFO  - ,Broadcast V2X Message from ,rsu_2,veh_2, InterVehicleMsg{,30, 3030,  41.632382935740885,  -71.0077086334615, Road CLOSED, Latitude= 41.63108090843618, Longitude= -71.01004427143567,  (at simulation time 431.000,900,  (at simulation time 431.002,800
2023-11-20 22:22:37,797 INFO  - ,Broadcast V2X Message from ,rsu_2,veh_2, InterVehicleMsg{,30, 3031,  41.632382935740885,  -71.0077086334615, Road CLOSED, Latitude= 41.63108090843618, Longitude= -71.01004427143567,  (at simulation time 431.101,900,  (at simulation time 431.103,300
2023-11-20 22:22:37,797 INFO  - ,Broadcast V2X Message from ,rsu_2,veh_2, InterVehicleMsg{,30, 3032,  41.632382935740885,  -71.0077086334615, Road CLOSED, Latitude= 41.63108090843618, Longitude= -71.01004427143567,  (at simulation time 431.201,400,  (at simulation time 431.203,300
2023-11-20 22:22:37,797 INFO  - ,Broadcast V2X Message from ,rsu_2,veh_2, InterVehicleMsg{,30, 3033,  41.632382935740885,  -71.0077086334615, Road CLOSED, Latitude= 41.63108090843618, Longitude= -71.01004427143567,  (at simulation time 431.300,400,  (at simulation time 431.301,800
2023-11-20 22:22:37,797 INFO  - ,Broadcast V2X Message from ,rsu_2,veh_2, InterVehicleMsg{,30, 3034,  41.632382935740885,  -71.0077086334615, Road CLOSED, Latitude= 41.63108090843618, Longitude= -71.01004427143567,  (at simulation time 431.400,900,  (at simulation time 431.401,800
2023-11-20 22:22:37,797 INFO  - ,Broadcast V2X Message from ,rsu_2,veh_2, InterVehicleMsg{,30, 3035,  41.632382935740885,  -71.0077086334615, Road CLOSED, Latitude= 41.63108090843618, Longitude= -71.01004427143567,  (at simulation time 431.500,400,  (at simulation time 431.502,800
2023-11-20 22:22:37,797 INFO  - ,Broadcast V2X Message from ,rsu_2,veh_2, InterVehicleMsg{,30, 3036,  41.632382935740885,  -71.0077086334615, Road CLOSED, Latitude= 41.63108090843618, Longitude= -71.01004427143567,  (at simulation time 431.602,400,  (at simulation time 431.604,300
2023-11-20 22:22:37,797 INFO  - ,Broadcast V2X Message from ,rsu_2,veh_2, InterVehicleMsg{,30, 3037,  41.632382935740885,  -71.0077086334615, Road CLOSED, Latitude= 41.63108090843618, Longitude= -71.01004427143567,  (at simulation time 431.700,900,  (at simulation time 431.702,300
2023-11-20 22:22:37,797 INFO  - ,Broadcast V2X Message from ,rsu_2,veh_2, InterVehicleMsg{,30, 3038,  41.632382935740885,  -71.0077086334615, Road CLOSED, Latitude= 41.63108090843618, Longitude= -71.01004427143567,  (at simulation time 431.801,900,  (at simulation time 431.803,300
2023-11-20 22:22:37,797 INFO  - ,Broadcast V2X Message from ,rsu_2,veh_2, InterVehicleMsg{,30, 3039,  41.632382935740885,  -71.0077086334615, Road CLOSED, Latitude= 41.63108090843618, Longitude= -71.01004427143567,  (at simulation time 431.902,400,  (at simulation time 431.903,300
2023-11-20 22:22:37,797 INFO  - ,Broadcast V2X Message from ,rsu_2,veh_2, InterVehicleMsg{,30, 3040,  41.632382935740885,  -71.0077086334615, Road CLOSED, Latitude= 41.63111569433962, Longitude= -71.00999102149933,  (at simulation time 432.001,900,  (at simulation time 432.004,300
2023-11-20 22:22:37,797 INFO  - ,Broadcast V2X Message from ,rsu_2,veh_2, InterVehicleMsg{,30, 3041,  41.632382935740885,  -71.0077086334615, Road CLOSED, Latitude= 41.63111569433962, Longitude= -71.00999102149933,  (at simulation time 432.102,400,  (at simulation time 432.104,800
2023-11-20 22:22:37,797 INFO  - ,Broadcast V2X Message from ,rsu_2,veh_2, InterVehicleMsg{,30, 3042,  41.632382935740885,  -71.0077086334615, Road CLOSED, Latitude= 41.63111569433962, Longitude= -71.00999102149933,  (at simulation time 432.201,400,  (at simulation time 432.202,300
2023-11-20 22:22:37,797 INFO  - ,Broadcast V2X Message from ,rsu_2,veh_2, InterVehicleMsg{,30, 3043,  41.632382935740885,  -71.0077086334615, Road CLOSED, Latitude= 41.63111569433962, Longitude= -71.00999102149933,  (at simulation time 432.300,400,  (at simulation time 432.301,800
2023-11-20 22:22:37,797 INFO  - ,Broadcast V2X Message from ,rsu_2,veh_2, InterVehicleMsg{,30, 3044,  41.632382935740885,  -71.0077086334615, Road CLOSED, Latitude= 41.63111569433962, Longitude= -71.00999102149933,  (at simulation time 432.401,400,  (at simulation time 432.402,300
2023-11-20 22:22:37,797 INFO  - ,Broadcast V2X Message from ,rsu_2,veh_2, InterVehicleMsg{,30, 3045,  41.632382935740885,  -71.0077086334615, Road CLOSED, Latitude= 41.63111569433962, Longitude= -71.00999102149933,  (at simulation time 432.501,400,  (at simulation time 432.501,800
2023-11-20 22:22:37,797 INFO  - ,Broadcast V2X Message from ,rsu_2,veh_2, InterVehicleMsg{,30, 3046,  41.632382935740885,  -71.0077086334615, Road CLOSED, Latitude= 41.63111569433962, Longitude= -71.00999102149933,  (at simulation time 432.600,400,  (at simulation time 432.601,800
2023-11-20 22:22:37,797 INFO  - ,Broadcast V2X Message from ,rsu_2,veh_2, InterVehicleMsg{,30, 3047,  41.632382935740885,  -71.0077086334615, Road CLOSED, Latitude= 41.63111569433962, Longitude= -71.00999102149933,  (at simulation time 432.702,400,  (at simulation time 432.704,800
2023-11-20 22:22:37,797 INFO  - ,Broadcast V2X Message from ,rsu_2,veh_2, InterVehicleMsg{,30, 3048,  41.632382935740885,  -71.0077086334615, Road CLOSED, Latitude= 41.63111569433962, Longitude= -71.00999102149933,  (at simulation time 432.802,400,  (at simulation time 432.803,800
2023-11-20 22:22:37,797 INFO  - ,Broadcast V2X Message from ,rsu_2,veh_2, InterVehicleMsg{,30, 3049,  41.632382935740885,  -71.0077086334615, Road CLOSED, Latitude= 41.63111569433962, Longitude= -71.00999102149933,  (at simulation time 432.900,400,  (at simulation time 432.901,300
2023-11-20 22:22:37,797 INFO  - ,Broadcast V2X Message from ,rsu_2,veh_2, InterVehicleMsg{,30, 3050,  41.632382935740885,  -71.0077086334615, Road CLOSED, Latitude= 41.63115225936956, Longitude= -71.00993142740079,  (at simulation time 433.001,400,  (at simulation time 433.003,800
2023-11-20 22:22:37,797 INFO  - ,Broadcast V2X Message from ,rsu_2,veh_2, InterVehicleMsg{,30, 3051,  41.632382935740885,  -71.0077086334615, Road CLOSED, Latitude= 41.63115225936956, Longitude= -71.00993142740079,  (at simulation time 433.101,900,  (at simulation time 433.104,300
2023-11-20 22:22:37,797 INFO  - ,Broadcast V2X Message from ,rsu_2,veh_2, InterVehicleMsg{,30, 3052,  41.632382935740885,  -71.0077086334615, Road CLOSED, Latitude= 41.63115225936956, Longitude= -71.00993142740079,  (at simulation time 433.201,400,  (at simulation time 433.201,800
2023-11-20 22:22:37,797 INFO  - ,Broadcast V2X Message from ,rsu_2,veh_2, InterVehicleMsg{,30, 3053,  41.632382935740885,  -71.0077086334615, Road CLOSED, Latitude= 41.63115225936956, Longitude= -71.00993142740079,  (at simulation time 433.301,900,  (at simulation time 433.304,300
2023-11-20 22:22:37,797 INFO  - ,Broadcast V2X Message from ,rsu_2,veh_2, InterVehicleMsg{,30, 3054,  41.632382935740885,  -71.0077086334615, Road CLOSED, Latitude= 41.63115225936956, Longitude= -71.00993142740079,  (at simulation time 433.400,400,  (at simulation time 433.402,800
2023-11-20 22:22:37,797 INFO  - ,Broadcast V2X Message from ,rsu_2,veh_2, InterVehicleMsg{,30, 3055,  41.632382935740885,  -71.0077086334615, Road CLOSED, Latitude= 41.63115225936956, Longitude= -71.00993142740079,  (at simulation time 433.501,400,  (at simulation time 433.503,800
2023-11-20 22:22:37,797 INFO  - ,Broadcast V2X Message from ,rsu_2,veh_2, InterVehicleMsg{,30, 3056,  41.632382935740885,  -71.0077086334615, Road CLOSED, Latitude= 41.63115225936956, Longitude= -71.00993142740079,  (at simulation time 433.602,400,  (at simulation time 433.604,300
2023-11-20 22:22:37,797 INFO  - ,Broadcast V2X Message from ,rsu_2,veh_2, InterVehicleMsg{,30, 3057,  41.632382935740885,  -71.0077086334615, Road CLOSED, Latitude= 41.63115225936956, Longitude= -71.00993142740079,  (at simulation time 433.701,900,  (at simulation time 433.702,300
2023-11-20 22:22:37,797 INFO  - ,Broadcast V2X Message from ,rsu_2,veh_2, InterVehicleMsg{,30, 3058,  41.632382935740885,  -71.0077086334615, Road CLOSED, Latitude= 41.63115225936956, Longitude= -71.00993142740079,  (at simulation time 433.801,400,  (at simulation time 433.802,800
2023-11-20 22:22:37,797 INFO  - ,Broadcast V2X Message from ,rsu_2,veh_2, InterVehicleMsg{,30, 3059,  41.632382935740885,  -71.0077086334615, Road CLOSED, Latitude= 41.63115225936956, Longitude= -71.00993142740079,  (at simulation time 433.900,400,  (at simulation time 433.900,800
2023-11-20 22:22:37,797 INFO  - ,Broadcast V2X Message from ,rsu_2,veh_2, InterVehicleMsg{,30, 3060,  41.632382935740885,  -71.0077086334615, Road CLOSED, Latitude= 41.631191010640244, Longitude= -71.00986827001567,  (at simulation time 434.001,400,  (at simulation time 434.003,800
2023-11-20 22:22:37,797 INFO  - ,Broadcast V2X Message from ,rsu_2,veh_2, InterVehicleMsg{,30, 3061,  41.632382935740885,  -71.0077086334615, Road CLOSED, Latitude= 41.631191010640244, Longitude= -71.00986827001567,  (at simulation time 434.102,400,  (at simulation time 434.102,800
2023-11-20 22:22:37,797 INFO  - ,Broadcast V2X Message from ,rsu_2,veh_2, InterVehicleMsg{,30, 3062,  41.632382935740885,  -71.0077086334615, Road CLOSED, Latitude= 41.631191010640244, Longitude= -71.00986827001567,  (at simulation time 434.201,400,  (at simulation time 434.203,300
2023-11-20 22:22:37,797 INFO  - ,Broadcast V2X Message from ,rsu_2,veh_2, InterVehicleMsg{,30, 3063,  41.632382935740885,  -71.0077086334615, Road CLOSED, Latitude= 41.631191010640244, Longitude= -71.00986827001567,  (at simulation time 434.301,900,  (at simulation time 434.303,800
2023-11-20 22:22:37,797 INFO  - ,Broadcast V2X Message from ,rsu_2,veh_2, InterVehicleMsg{,30, 3064,  41.632382935740885,  -71.0077086334615, Road CLOSED, Latitude= 41.631191010640244, Longitude= -71.00986827001567,  (at simulation time 434.402,400,  (at simulation time 434.404,800
2023-11-20 22:22:37,797 INFO  - ,Broadcast V2X Message from ,rsu_2,veh_2, InterVehicleMsg{,30, 3065,  41.632382935740885,  -71.0077086334615, Road CLOSED, Latitude= 41.631191010640244, Longitude= -71.00986827001567,  (at simulation time 434.502,400,  (at simulation time 434.503,800
2023-11-20 22:22:37,797 INFO  - ,Broadcast V2X Message from ,rsu_2,veh_2, InterVehicleMsg{,30, 3066,  41.632382935740885,  -71.0077086334615, Road CLOSED, Latitude= 41.631191010640244, Longitude= -71.00986827001567,  (at simulation time 434.601,900,  (at simulation time 434.603,800
2023-11-20 22:22:37,797 INFO  - ,Broadcast V2X Message from ,rsu_2,veh_2, InterVehicleMsg{,30, 3067,  41.632382935740885,  -71.0077086334615, Road CLOSED, Latitude= 41.631191010640244, Longitude= -71.00986827001567,  (at simulation time 434.702,400,  (at simulation time 434.704,300
2023-11-20 22:22:37,797 INFO  - ,Broadcast V2X Message from ,rsu_2,veh_2, InterVehicleMsg{,30, 3068,  41.632382935740885,  -71.0077086334615, Road CLOSED, Latitude= 41.631191010640244, Longitude= -71.00986827001567,  (at simulation time 434.801,900,  (at simulation time 434.803,300
2023-11-20 22:22:37,797 INFO  - ,Broadcast V2X Message from ,rsu_2,veh_2, InterVehicleMsg{,30, 3069,  41.632382935740885,  -71.0077086334615, Road CLOSED, Latitude= 41.631191010640244, Longitude= -71.00986827001567,  (at simulation time 434.900,400,  (at simulation time 434.900,800
2023-11-20 22:22:37,797 INFO  - ,Broadcast V2X Message from ,rsu_2,veh_2, InterVehicleMsg{,30, 3070,  41.632382935740885,  -71.0077086334615, Road CLOSED, Latitude= 41.63123086058937, Longitude= -71.00980074018062,  (at simulation time 435.001,400,  (at simulation time 435.003,300
2023-11-20 22:22:37,797 INFO  - ,Broadcast V2X Message from ,rsu_2,veh_2, InterVehicleMsg{,30, 3071,  41.632382935740885,  -71.0077086334615, Road CLOSED, Latitude= 41.63123086058937, Longitude= -71.00980074018062,  (at simulation time 435.102,400,  (at simulation time 435.104,300
2023-11-20 22:22:37,797 INFO  - ,Broadcast V2X Message from ,rsu_2,veh_2, InterVehicleMsg{,30, 3072,  41.632382935740885,  -71.0077086334615, Road CLOSED, Latitude= 41.63123086058937, Longitude= -71.00980074018062,  (at simulation time 435.201,900,  (at simulation time 435.203,800
2023-11-20 22:22:37,797 INFO  - ,Broadcast V2X Message from ,rsu_2,veh_2, InterVehicleMsg{,30, 3073,  41.632382935740885,  -71.0077086334615, Road CLOSED, Latitude= 41.63123086058937, Longitude= -71.00980074018062,  (at simulation time 435.300,400,  (at simulation time 435.302,300
2023-11-20 22:22:37,797 INFO  - ,Broadcast V2X Message from ,rsu_2,veh_2, InterVehicleMsg{,30, 3074,  41.632382935740885,  -71.0077086334615, Road CLOSED, Latitude= 41.63123086058937, Longitude= -71.00980074018062,  (at simulation time 435.401,400,  (at simulation time 435.401,800
2023-11-20 22:22:37,797 INFO  - ,Broadcast V2X Message from ,rsu_2,veh_2, InterVehicleMsg{,30, 3075,  41.632382935740885,  -71.0077086334615, Road CLOSED, Latitude= 41.63123086058937, Longitude= -71.00980074018062,  (at simulation time 435.502,400,  (at simulation time 435.503,300
2023-11-20 22:22:37,797 INFO  - ,Broadcast V2X Message from ,rsu_2,veh_2, InterVehicleMsg{,30, 3076,  41.632382935740885,  -71.0077086334615, Road CLOSED, Latitude= 41.63123086058937, Longitude= -71.00980074018062,  (at simulation time 435.600,900,  (at simulation time 435.601,300
2023-11-20 22:22:37,797 INFO  - ,Broadcast V2X Message from ,rsu_2,veh_2, InterVehicleMsg{,30, 3077,  41.632382935740885,  -71.0077086334615, Road CLOSED, Latitude= 41.63123086058937, Longitude= -71.00980074018062,  (at simulation time 435.701,900,  (at simulation time 435.704,300
2023-11-20 22:22:37,797 INFO  - ,Broadcast V2X Message from ,rsu_2,veh_2, InterVehicleMsg{,30, 3078,  41.632382935740885,  -71.0077086334615, Road CLOSED, Latitude= 41.63123086058937, Longitude= -71.00980074018062,  (at simulation time 435.801,400,  (at simulation time 435.802,800
2023-11-20 22:22:37,797 INFO  - ,Broadcast V2X Message from ,rsu_2,veh_2, InterVehicleMsg{,30, 3079,  41.632382935740885,  -71.0077086334615, Road CLOSED, Latitude= 41.63123086058937, Longitude= -71.00980074018062,  (at simulation time 435.900,400,  (at simulation time 435.902,300
2023-11-20 22:22:37,797 INFO  - ,Broadcast V2X Message from ,rsu_2,veh_2, InterVehicleMsg{,30, 3080,  41.632382935740885,  -71.0077086334615, Road CLOSED, Latitude= 41.63126634274405, Longitude= -71.00973858238139,  (at simulation time 436.000,400,  (at simulation time 436.001,800
2023-11-20 22:22:37,797 INFO  - ,Broadcast V2X Message from ,rsu_2,veh_2, InterVehicleMsg{,30, 3081,  41.632382935740885,  -71.0077086334615, Road CLOSED, Latitude= 41.63126634274405, Longitude= -71.00973858238139,  (at simulation time 436.100,900,  (at simulation time 436.101,800
2023-11-20 22:22:37,797 INFO  - ,Broadcast V2X Message from ,rsu_2,veh_2, InterVehicleMsg{,30, 3082,  41.632382935740885,  -71.0077086334615, Road CLOSED, Latitude= 41.63126634274405, Longitude= -71.00973858238139,  (at simulation time 436.200,900,  (at simulation time 436.201,300
2023-11-20 22:22:37,797 INFO  - ,Broadcast V2X Message from ,rsu_2,veh_2, InterVehicleMsg{,30, 3083,  41.632382935740885,  -71.0077086334615, Road CLOSED, Latitude= 41.63126634274405, Longitude= -71.00973858238139,  (at simulation time 436.300,900,  (at simulation time 436.301,300
2023-11-20 22:22:37,797 INFO  - ,Broadcast V2X Message from ,rsu_2,veh_2, InterVehicleMsg{,30, 3084,  41.632382935740885,  -71.0077086334615, Road CLOSED, Latitude= 41.63126634274405, Longitude= -71.00973858238139,  (at simulation time 436.402,400,  (at simulation time 436.404,800
2023-11-20 22:22:37,797 INFO  - ,Broadcast V2X Message from ,rsu_2,veh_2, InterVehicleMsg{,30, 3085,  41.632382935740885,  -71.0077086334615, Road CLOSED, Latitude= 41.63126634274405, Longitude= -71.00973858238139,  (at simulation time 436.500,900,  (at simulation time 436.501,300
2023-11-20 22:22:37,797 INFO  - ,Broadcast V2X Message from ,rsu_2,veh_2, InterVehicleMsg{,30, 3086,  41.632382935740885,  -71.0077086334615, Road CLOSED, Latitude= 41.63126634274405, Longitude= -71.00973858238139,  (at simulation time 436.600,900,  (at simulation time 436.603,300
2023-11-20 22:22:37,797 INFO  - ,Broadcast V2X Message from ,rsu_2,veh_2, InterVehicleMsg{,30, 3087,  41.632382935740885,  -71.0077086334615, Road CLOSED, Latitude= 41.63126634274405, Longitude= -71.00973858238139,  (at simulation time 436.700,400,  (at simulation time 436.702,800
2023-11-20 22:22:37,797 INFO  - ,Broadcast V2X Message from ,rsu_2,veh_2, InterVehicleMsg{,30, 3088,  41.632382935740885,  -71.0077086334615, Road CLOSED, Latitude= 41.63126634274405, Longitude= -71.00973858238139,  (at simulation time 436.801,400,  (at simulation time 436.802,300
2023-11-20 22:22:37,797 INFO  - ,Broadcast V2X Message from ,rsu_2,veh_2, InterVehicleMsg{,30, 3089,  41.632382935740885,  -71.0077086334615, Road CLOSED, Latitude= 41.63126634274405, Longitude= -71.00973858238139,  (at simulation time 436.900,900,  (at simulation time 436.902,300
2023-11-20 22:22:37,797 INFO  - ,Broadcast V2X Message from ,rsu_2,veh_2, InterVehicleMsg{,30, 3090,  41.632382935740885,  -71.0077086334615, Road CLOSED, Latitude= 41.63130161501314, Longitude= -71.00967679213639,  (at simulation time 437.001,400,  (at simulation time 437.002,300
2023-11-20 22:22:37,797 INFO  - ,Broadcast V2X Message from ,rsu_2,veh_2, InterVehicleMsg{,30, 3091,  41.632382935740885,  -71.0077086334615, Road CLOSED, Latitude= 41.63130161501314, Longitude= -71.00967679213639,  (at simulation time 437.101,400,  (at simulation time 437.103,800
2023-11-20 22:22:37,797 INFO  - ,Broadcast V2X Message from ,rsu_2,veh_2, InterVehicleMsg{,30, 3092,  41.632382935740885,  -71.0077086334615, Road CLOSED, Latitude= 41.63130161501314, Longitude= -71.00967679213639,  (at simulation time 437.200,400,  (at simulation time 437.202,800
2023-11-20 22:22:37,797 INFO  - ,Broadcast V2X Message from ,rsu_2,veh_2, InterVehicleMsg{,30, 3093,  41.632382935740885,  -71.0077086334615, Road CLOSED, Latitude= 41.63130161501314, Longitude= -71.00967679213639,  (at simulation time 437.301,400,  (at simulation time 437.302,300
2023-11-20 22:22:37,797 INFO  - ,Broadcast V2X Message from ,rsu_2,veh_2, InterVehicleMsg{,30, 3094,  41.632382935740885,  -71.0077086334615, Road CLOSED, Latitude= 41.63130161501314, Longitude= -71.00967679213639,  (at simulation time 437.402,400,  (at simulation time 437.402,800
2023-11-20 22:22:37,797 INFO  - ,Broadcast V2X Message from ,rsu_2,veh_2, InterVehicleMsg{,30, 3095,  41.632382935740885,  -71.0077086334615, Road CLOSED, Latitude= 41.63130161501314, Longitude= -71.00967679213639,  (at simulation time 437.502,400,  (at simulation time 437.503,800
2023-11-20 22:22:37,797 INFO  - ,Broadcast V2X Message from ,rsu_2,veh_2, InterVehicleMsg{,30, 3096,  41.632382935740885,  -71.0077086334615, Road CLOSED, Latitude= 41.63130161501314, Longitude= -71.00967679213639,  (at simulation time 437.601,400,  (at simulation time 437.603,300
2023-11-20 22:22:37,797 INFO  - ,Broadcast V2X Message from ,rsu_2,veh_2, InterVehicleMsg{,30, 3097,  41.632382935740885,  -71.0077086334615, Road CLOSED, Latitude= 41.63130161501314, Longitude= -71.00967679213639,  (at simulation time 437.701,400,  (at simulation time 437.702,300
2023-11-20 22:22:37,797 INFO  - ,Broadcast V2X Message from ,rsu_2,veh_2, InterVehicleMsg{,30, 3098,  41.632382935740885,  -71.0077086334615, Road CLOSED, Latitude= 41.63130161501314, Longitude= -71.00967679213639,  (at simulation time 437.800,400,  (at simulation time 437.802,300
2023-11-20 22:22:37,797 INFO  - ,Broadcast V2X Message from ,rsu_2,veh_2, InterVehicleMsg{,30, 3099,  41.632382935740885,  -71.0077086334615, Road CLOSED, Latitude= 41.63130161501314, Longitude= -71.00967679213639,  (at simulation time 437.900,900,  (at simulation time 437.901,800
2023-11-20 22:22:37,797 INFO  - ,Broadcast V2X Message from ,rsu_2,veh_2, InterVehicleMsg{,30, 3100,  41.632382935740885,  -71.0077086334615, Road CLOSED, Latitude= 41.63133325061024, Longitude= -71.00961756664444,  (at simulation time 438.002,400,  (at simulation time 438.002,800
2023-11-20 22:22:37,797 INFO  - ,Broadcast V2X Message from ,rsu_2,veh_2, InterVehicleMsg{,30, 3101,  41.632382935740885,  -71.0077086334615, Road CLOSED, Latitude= 41.63133325061024, Longitude= -71.00961756664444,  (at simulation time 438.101,400,  (at simulation time 438.102,300
2023-11-20 22:22:37,797 INFO  - ,Broadcast V2X Message from ,rsu_2,veh_2, InterVehicleMsg{,30, 3102,  41.632382935740885,  -71.0077086334615, Road CLOSED, Latitude= 41.63133325061024, Longitude= -71.00961756664444,  (at simulation time 438.201,400,  (at simulation time 438.202,300
2023-11-20 22:22:37,797 INFO  - ,Broadcast V2X Message from ,rsu_2,veh_2, InterVehicleMsg{,30, 3103,  41.632382935740885,  -71.0077086334615, Road CLOSED, Latitude= 41.63133325061024, Longitude= -71.00961756664444,  (at simulation time 438.300,900,  (at simulation time 438.301,300
2023-11-20 22:22:37,797 INFO  - ,Broadcast V2X Message from ,rsu_2,veh_2, InterVehicleMsg{,30, 3104,  41.632382935740885,  -71.0077086334615, Road CLOSED, Latitude= 41.63133325061024, Longitude= -71.00961756664444,  (at simulation time 438.401,400,  (at simulation time 438.403,800
2023-11-20 22:22:37,797 INFO  - ,Broadcast V2X Message from ,rsu_2,veh_2, InterVehicleMsg{,30, 3105,  41.632382935740885,  -71.0077086334615, Road CLOSED, Latitude= 41.63133325061024, Longitude= -71.00961756664444,  (at simulation time 438.501,400,  (at simulation time 438.503,300
2023-11-20 22:22:37,797 INFO  - ,Broadcast V2X Message from ,rsu_2,veh_2, InterVehicleMsg{,30, 3106,  41.632382935740885,  -71.0077086334615, Road CLOSED, Latitude= 41.63133325061024, Longitude= -71.00961756664444,  (at simulation time 438.601,400,  (at simulation time 438.601,800
2023-11-20 22:22:37,797 INFO  - ,Broadcast V2X Message from ,rsu_2,veh_2, InterVehicleMsg{,30, 3107,  41.632382935740885,  -71.0077086334615, Road CLOSED, Latitude= 41.63133325061024, Longitude= -71.00961756664444,  (at simulation time 438.701,400,  (at simulation time 438.701,800
2023-11-20 22:22:37,797 INFO  - ,Broadcast V2X Message from ,rsu_2,veh_2, InterVehicleMsg{,30, 3108,  41.632382935740885,  -71.0077086334615, Road CLOSED, Latitude= 41.63133325061024, Longitude= -71.00961756664444,  (at simulation time 438.801,400,  (at simulation time 438.801,800
2023-11-20 22:22:37,797 INFO  - ,Broadcast V2X Message from ,rsu_2,veh_2, InterVehicleMsg{,30, 3109,  41.632382935740885,  -71.0077086334615, Road CLOSED, Latitude= 41.63133325061024, Longitude= -71.00961756664444,  (at simulation time 438.901,900,  (at simulation time 438.904,300
2023-11-20 22:22:37,808 INFO  - ,Broadcast V2X Message from ,rsu_2,veh_2, InterVehicleMsg{,30, 3110,  41.632382935740885,  -71.0077086334615, Road CLOSED, Latitude= 41.631368102016175, Longitude= -71.00955184489322,  (at simulation time 439.000,400,  (at simulation time 439.001,300
2023-11-20 22:22:37,808 INFO  - ,Broadcast V2X Message from ,rsu_2,veh_2, InterVehicleMsg{,30, 3111,  41.632382935740885,  -71.0077086334615, Road CLOSED, Latitude= 41.631368102016175, Longitude= -71.00955184489322,  (at simulation time 439.100,900,  (at simulation time 439.102,300
2023-11-20 22:22:37,808 INFO  - ,Broadcast V2X Message from ,rsu_2,veh_2, InterVehicleMsg{,30, 3112,  41.632382935740885,  -71.0077086334615, Road CLOSED, Latitude= 41.631368102016175, Longitude= -71.00955184489322,  (at simulation time 439.201,900,  (at simulation time 439.204,300
2023-11-20 22:22:37,808 INFO  - ,Broadcast V2X Message from ,rsu_2,veh_2, InterVehicleMsg{,30, 3113,  41.632382935740885,  -71.0077086334615, Road CLOSED, Latitude= 41.631368102016175, Longitude= -71.00955184489322,  (at simulation time 439.301,900,  (at simulation time 439.304,300
2023-11-20 22:22:37,808 INFO  - ,Broadcast V2X Message from ,rsu_2,veh_2, InterVehicleMsg{,30, 3114,  41.632382935740885,  -71.0077086334615, Road CLOSED, Latitude= 41.631368102016175, Longitude= -71.00955184489322,  (at simulation time 439.401,400,  (at simulation time 439.402,800
2023-11-20 22:22:37,808 INFO  - ,Broadcast V2X Message from ,rsu_2,veh_2, InterVehicleMsg{,30, 3115,  41.632382935740885,  -71.0077086334615, Road CLOSED, Latitude= 41.631368102016175, Longitude= -71.00955184489322,  (at simulation time 439.502,400,  (at simulation time 439.504,300
2023-11-20 22:22:37,808 INFO  - ,Broadcast V2X Message from ,rsu_2,veh_2, InterVehicleMsg{,30, 3116,  41.632382935740885,  -71.0077086334615, Road CLOSED, Latitude= 41.631368102016175, Longitude= -71.00955184489322,  (at simulation time 439.602,400,  (at simulation time 439.603,800
2023-11-20 22:22:37,808 INFO  - ,Broadcast V2X Message from ,rsu_2,veh_2, InterVehicleMsg{,30, 3117,  41.632382935740885,  -71.0077086334615, Road CLOSED, Latitude= 41.631368102016175, Longitude= -71.00955184489322,  (at simulation time 439.700,900,  (at simulation time 439.701,800
2023-11-20 22:22:37,809 INFO  - ,Broadcast V2X Message from ,rsu_2,veh_2, InterVehicleMsg{,30, 3118,  41.632382935740885,  -71.0077086334615, Road CLOSED, Latitude= 41.631368102016175, Longitude= -71.00955184489322,  (at simulation time 439.802,400,  (at simulation time 439.803,800
2023-11-20 22:22:37,809 INFO  - ,Broadcast V2X Message from ,rsu_2,veh_2, InterVehicleMsg{,30, 3119,  41.632382935740885,  -71.0077086334615, Road CLOSED, Latitude= 41.631368102016175, Longitude= -71.00955184489322,  (at simulation time 439.901,400,  (at simulation time 439.902,300
2023-11-20 22:22:37,811 INFO  - ,Broadcast V2X Message from ,rsu_2,veh_2, InterVehicleMsg{,30, 3120,  41.632382935740885,  -71.0077086334615, Road CLOSED, Latitude= 41.63139876966708, Longitude= -71.0094935158442,  (at simulation time 440.001,900,  (at simulation time 440.004,300
2023-11-20 22:22:37,811 INFO  - ,Broadcast V2X Message from ,rsu_2,veh_2, InterVehicleMsg{,30, 3121,  41.632382935740885,  -71.0077086334615, Road CLOSED, Latitude= 41.63139876966708, Longitude= -71.0094935158442,  (at simulation time 440.100,400,  (at simulation time 440.101,300
2023-11-20 22:22:37,811 INFO  - ,Broadcast V2X Message from ,rsu_2,veh_2, InterVehicleMsg{,30, 3122,  41.632382935740885,  -71.0077086334615, Road CLOSED, Latitude= 41.63139876966708, Longitude= -71.0094935158442,  (at simulation time 440.201,400,  (at simulation time 440.202,800
2023-11-20 22:22:37,811 INFO  - ,Broadcast V2X Message from ,rsu_2,veh_2, InterVehicleMsg{,30, 3123,  41.632382935740885,  -71.0077086334615, Road CLOSED, Latitude= 41.63139876966708, Longitude= -71.0094935158442,  (at simulation time 440.300,400,  (at simulation time 440.302,300
2023-11-20 22:22:37,811 INFO  - ,Broadcast V2X Message from ,rsu_2,veh_2, InterVehicleMsg{,30, 3124,  41.632382935740885,  -71.0077086334615, Road CLOSED, Latitude= 41.63139876966708, Longitude= -71.0094935158442,  (at simulation time 440.400,400,  (at simulation time 440.402,800
2023-11-20 22:22:37,811 INFO  - ,Broadcast V2X Message from ,rsu_2,veh_2, InterVehicleMsg{,30, 3125,  41.632382935740885,  -71.0077086334615, Road CLOSED, Latitude= 41.63139876966708, Longitude= -71.0094935158442,  (at simulation time 440.500,900,  (at simulation time 440.502,800
2023-11-20 22:22:37,811 INFO  - ,Broadcast V2X Message from ,rsu_2,veh_2, InterVehicleMsg{,30, 3126,  41.632382935740885,  -71.0077086334615, Road CLOSED, Latitude= 41.63139876966708, Longitude= -71.0094935158442,  (at simulation time 440.601,900,  (at simulation time 440.604,300
2023-11-20 22:22:37,811 INFO  - ,Broadcast V2X Message from ,rsu_2,veh_2, InterVehicleMsg{,30, 3127,  41.632382935740885,  -71.0077086334615, Road CLOSED, Latitude= 41.63139876966708, Longitude= -71.0094935158442,  (at simulation time 440.701,900,  (at simulation time 440.702,300
2023-11-20 22:22:37,811 INFO  - ,Broadcast V2X Message from ,rsu_2,veh_2, InterVehicleMsg{,30, 3128,  41.632382935740885,  -71.0077086334615, Road CLOSED, Latitude= 41.63139876966708, Longitude= -71.0094935158442,  (at simulation time 440.800,900,  (at simulation time 440.801,300
2023-11-20 22:22:37,811 INFO  - ,Broadcast V2X Message from ,rsu_2,veh_2, InterVehicleMsg{,30, 3129,  41.632382935740885,  -71.0077086334615, Road CLOSED, Latitude= 41.63139876966708, Longitude= -71.0094935158442,  (at simulation time 440.900,900,  (at simulation time 440.903,300
2023-11-20 22:22:37,811 INFO  - ,Broadcast V2X Message from ,rsu_2,veh_2, InterVehicleMsg{,30, 3130,  41.632382935740885,  -71.0077086334615, Road CLOSED, Latitude= 41.63143573061217, Longitude= -71.0094182649104,  (at simulation time 441.000,900,  (at simulation time 441.003,300
2023-11-20 22:22:37,811 INFO  - ,Broadcast V2X Message from ,rsu_2,veh_2, InterVehicleMsg{,30, 3131,  41.632382935740885,  -71.0077086334615, Road CLOSED, Latitude= 41.63143573061217, Longitude= -71.0094182649104,  (at simulation time 441.102,400,  (at simulation time 441.103,800
2023-11-20 22:22:37,811 INFO  - ,Broadcast V2X Message from ,rsu_2,veh_2, InterVehicleMsg{,30, 3132,  41.632382935740885,  -71.0077086334615, Road CLOSED, Latitude= 41.63143573061217, Longitude= -71.0094182649104,  (at simulation time 441.200,400,  (at simulation time 441.201,800
2023-11-20 22:22:37,811 INFO  - ,Broadcast V2X Message from ,rsu_2,veh_2, InterVehicleMsg{,30, 3133,  41.632382935740885,  -71.0077086334615, Road CLOSED, Latitude= 41.63143573061217, Longitude= -71.0094182649104,  (at simulation time 441.300,900,  (at simulation time 441.302,300
2023-11-20 22:22:37,811 INFO  - ,Broadcast V2X Message from ,rsu_2,veh_2, InterVehicleMsg{,30, 3134,  41.632382935740885,  -71.0077086334615, Road CLOSED, Latitude= 41.63143573061217, Longitude= -71.0094182649104,  (at simulation time 441.400,400,  (at simulation time 441.400,800
2023-11-20 22:22:37,811 INFO  - ,Broadcast V2X Message from ,rsu_2,veh_2, InterVehicleMsg{,30, 3135,  41.632382935740885,  -71.0077086334615, Road CLOSED, Latitude= 41.63143573061217, Longitude= -71.0094182649104,  (at simulation time 441.502,400,  (at simulation time 441.504,800
2023-11-20 22:22:37,811 INFO  - ,Broadcast V2X Message from ,rsu_2,veh_2, InterVehicleMsg{,30, 3136,  41.632382935740885,  -71.0077086334615, Road CLOSED, Latitude= 41.63143573061217, Longitude= -71.0094182649104,  (at simulation time 441.602,400,  (at simulation time 441.604,800
2023-11-20 22:22:37,811 INFO  - ,Broadcast V2X Message from ,rsu_2,veh_2, InterVehicleMsg{,30, 3137,  41.632382935740885,  -71.0077086334615, Road CLOSED, Latitude= 41.63143573061217, Longitude= -71.0094182649104,  (at simulation time 441.702,400,  (at simulation time 441.703,300
2023-11-20 22:22:37,811 INFO  - ,Broadcast V2X Message from ,rsu_2,veh_2, InterVehicleMsg{,30, 3138,  41.632382935740885,  -71.0077086334615, Road CLOSED, Latitude= 41.63143573061217, Longitude= -71.0094182649104,  (at simulation time 441.802,400,  (at simulation time 441.803,300
2023-11-20 22:22:37,811 INFO  - ,Broadcast V2X Message from ,rsu_2,veh_2, InterVehicleMsg{,30, 3139,  41.632382935740885,  -71.0077086334615, Road CLOSED, Latitude= 41.63143573061217, Longitude= -71.0094182649104,  (at simulation time 441.901,900,  (at simulation time 441.904,300
2023-11-20 22:22:37,811 INFO  - ,Broadcast V2X Message from ,rsu_2,veh_2, InterVehicleMsg{,30, 3140,  41.632382935740885,  -71.0077086334615, Road CLOSED, Latitude= 41.631471018212416, Longitude= -71.00934642066477,  (at simulation time 442.002,400,  (at simulation time 442.003,800
2023-11-20 22:22:37,811 INFO  - ,Broadcast V2X Message from ,rsu_2,veh_2, InterVehicleMsg{,30, 3141,  41.632382935740885,  -71.0077086334615, Road CLOSED, Latitude= 41.631471018212416, Longitude= -71.00934642066477,  (at simulation time 442.101,900,  (at simulation time 442.102,800
2023-11-20 22:22:37,811 INFO  - ,Broadcast V2X Message from ,rsu_2,veh_2, InterVehicleMsg{,30, 3142,  41.632382935740885,  -71.0077086334615, Road CLOSED, Latitude= 41.631471018212416, Longitude= -71.00934642066477,  (at simulation time 442.202,400,  (at simulation time 442.204,800
2023-11-20 22:22:37,811 INFO  - ,Broadcast V2X Message from ,rsu_2,veh_2, InterVehicleMsg{,30, 3143,  41.632382935740885,  -71.0077086334615, Road CLOSED, Latitude= 41.631471018212416, Longitude= -71.00934642066477,  (at simulation time 442.300,400,  (at simulation time 442.301,800
2023-11-20 22:22:37,811 INFO  - ,Broadcast V2X Message from ,rsu_2,veh_2, InterVehicleMsg{,30, 3144,  41.632382935740885,  -71.0077086334615, Road CLOSED, Latitude= 41.631471018212416, Longitude= -71.00934642066477,  (at simulation time 442.400,400,  (at simulation time 442.400,800
2023-11-20 22:22:37,811 INFO  - ,Broadcast V2X Message from ,rsu_2,veh_2, InterVehicleMsg{,30, 3145,  41.632382935740885,  -71.0077086334615, Road CLOSED, Latitude= 41.631471018212416, Longitude= -71.00934642066477,  (at simulation time 442.502,400,  (at simulation time 442.503,300
2023-11-20 22:22:37,811 INFO  - ,Broadcast V2X Message from ,rsu_2,veh_2, InterVehicleMsg{,30, 3146,  41.632382935740885,  -71.0077086334615, Road CLOSED, Latitude= 41.631471018212416, Longitude= -71.00934642066477,  (at simulation time 442.601,400,  (at simulation time 442.602,800
2023-11-20 22:22:37,811 INFO  - ,Broadcast V2X Message from ,rsu_2,veh_2, InterVehicleMsg{,30, 3147,  41.632382935740885,  -71.0077086334615, Road CLOSED, Latitude= 41.631471018212416, Longitude= -71.00934642066477,  (at simulation time 442.701,400,  (at simulation time 442.701,800
2023-11-20 22:22:37,811 INFO  - ,Broadcast V2X Message from ,rsu_2,veh_2, InterVehicleMsg{,30, 3148,  41.632382935740885,  -71.0077086334615, Road CLOSED, Latitude= 41.631471018212416, Longitude= -71.00934642066477,  (at simulation time 442.800,900,  (at simulation time 442.802,300
2023-11-20 22:22:37,811 INFO  - ,Broadcast V2X Message from ,rsu_2,veh_2, InterVehicleMsg{,30, 3149,  41.632382935740885,  -71.0077086334615, Road CLOSED, Latitude= 41.631471018212416, Longitude= -71.00934642066477,  (at simulation time 442.902,400,  (at simulation time 442.904,800
2023-11-20 22:22:37,811 INFO  - ,Broadcast V2X Message from ,rsu_2,veh_2, InterVehicleMsg{,30, 3150,  41.632382935740885,  -71.0077086334615, Road CLOSED, Latitude= 41.63149744722457, Longitude= -71.00928966712439,  (at simulation time 443.000,400,  (at simulation time 443.002,800
2023-11-20 22:22:37,811 INFO  - ,Broadcast V2X Message from ,rsu_2,veh_2, InterVehicleMsg{,30, 3151,  41.632382935740885,  -71.0077086334615, Road CLOSED, Latitude= 41.63149744722457, Longitude= -71.00928966712439,  (at simulation time 443.101,400,  (at simulation time 443.103,300
2023-11-20 22:22:37,811 INFO  - ,Broadcast V2X Message from ,rsu_2,veh_2, InterVehicleMsg{,30, 3152,  41.632382935740885,  -71.0077086334615, Road CLOSED, Latitude= 41.63149744722457, Longitude= -71.00928966712439,  (at simulation time 443.200,900,  (at simulation time 443.201,800
2023-11-20 22:22:37,811 INFO  - ,Broadcast V2X Message from ,rsu_2,veh_2, InterVehicleMsg{,30, 3153,  41.632382935740885,  -71.0077086334615, Road CLOSED, Latitude= 41.63149744722457, Longitude= -71.00928966712439,  (at simulation time 443.302,400,  (at simulation time 443.304,800
2023-11-20 22:22:37,811 INFO  - ,Broadcast V2X Message from ,rsu_2,veh_2, InterVehicleMsg{,30, 3154,  41.632382935740885,  -71.0077086334615, Road CLOSED, Latitude= 41.63149744722457, Longitude= -71.00928966712439,  (at simulation time 443.400,400,  (at simulation time 443.402,300
2023-11-20 22:22:37,811 INFO  - ,Broadcast V2X Message from ,rsu_2,veh_2, InterVehicleMsg{,30, 3155,  41.632382935740885,  -71.0077086334615, Road CLOSED, Latitude= 41.63149744722457, Longitude= -71.00928966712439,  (at simulation time 443.500,400,  (at simulation time 443.502,800
2023-11-20 22:22:37,811 INFO  - ,Broadcast V2X Message from ,rsu_2,veh_2, InterVehicleMsg{,30, 3156,  41.632382935740885,  -71.0077086334615, Road CLOSED, Latitude= 41.63149744722457, Longitude= -71.00928966712439,  (at simulation time 443.600,900,  (at simulation time 443.601,300
2023-11-20 22:22:37,811 INFO  - ,Broadcast V2X Message from ,rsu_2,veh_2, InterVehicleMsg{,30, 3157,  41.632382935740885,  -71.0077086334615, Road CLOSED, Latitude= 41.63149744722457, Longitude= -71.00928966712439,  (at simulation time 443.701,900,  (at simulation time 443.702,300
2023-11-20 22:22:37,811 INFO  - ,Broadcast V2X Message from ,rsu_2,veh_2, InterVehicleMsg{,30, 3158,  41.632382935740885,  -71.0077086334615, Road CLOSED, Latitude= 41.63149744722457, Longitude= -71.00928966712439,  (at simulation time 443.801,400,  (at simulation time 443.802,300
2023-11-20 22:22:37,811 INFO  - ,Broadcast V2X Message from ,rsu_2,veh_2, InterVehicleMsg{,30, 3159,  41.632382935740885,  -71.0077086334615, Road CLOSED, Latitude= 41.63149744722457, Longitude= -71.00928966712439,  (at simulation time 443.901,400,  (at simulation time 443.903,300
2023-11-20 22:22:37,811 INFO  - ,Broadcast V2X Message from ,rsu_2,veh_2, InterVehicleMsg{,30, 3160,  41.632382935740885,  -71.0077086334615, Road CLOSED, Latitude= 41.63152942688547, Longitude= -71.00921866116134,  (at simulation time 444.002,400,  (at simulation time 444.004,300
2023-11-20 22:22:37,811 INFO  - ,Broadcast V2X Message from ,rsu_2,veh_2, InterVehicleMsg{,30, 3161,  41.632382935740885,  -71.0077086334615, Road CLOSED, Latitude= 41.63152942688547, Longitude= -71.00921866116134,  (at simulation time 444.102,400,  (at simulation time 444.103,300
2023-11-20 22:22:37,811 INFO  - ,Broadcast V2X Message from ,rsu_2,veh_2, InterVehicleMsg{,30, 3162,  41.632382935740885,  -71.0077086334615, Road CLOSED, Latitude= 41.63152942688547, Longitude= -71.00921866116134,  (at simulation time 444.201,900,  (at simulation time 444.204,300
2023-11-20 22:22:37,811 INFO  - ,Broadcast V2X Message from ,rsu_2,veh_2, InterVehicleMsg{,30, 3163,  41.632382935740885,  -71.0077086334615, Road CLOSED, Latitude= 41.63152942688547, Longitude= -71.00921866116134,  (at simulation time 444.301,400,  (at simulation time 444.301,800
2023-11-20 22:22:37,811 INFO  - ,Broadcast V2X Message from ,rsu_2,veh_2, InterVehicleMsg{,30, 3164,  41.632382935740885,  -71.0077086334615, Road CLOSED, Latitude= 41.63152942688547, Longitude= -71.00921866116134,  (at simulation time 444.401,400,  (at simulation time 444.402,800
2023-11-20 22:22:37,811 INFO  - ,Broadcast V2X Message from ,rsu_2,veh_2, InterVehicleMsg{,30, 3165,  41.632382935740885,  -71.0077086334615, Road CLOSED, Latitude= 41.63152942688547, Longitude= -71.00921866116134,  (at simulation time 444.501,900,  (at simulation time 444.502,300
2023-11-20 22:22:37,811 INFO  - ,Broadcast V2X Message from ,rsu_2,veh_2, InterVehicleMsg{,30, 3166,  41.632382935740885,  -71.0077086334615, Road CLOSED, Latitude= 41.63152942688547, Longitude= -71.00921866116134,  (at simulation time 444.601,400,  (at simulation time 444.603,800
2023-11-20 22:22:37,811 INFO  - ,Broadcast V2X Message from ,rsu_2,veh_2, InterVehicleMsg{,30, 3167,  41.632382935740885,  -71.0077086334615, Road CLOSED, Latitude= 41.63152942688547, Longitude= -71.00921866116134,  (at simulation time 444.700,900,  (at simulation time 444.702,300
2023-11-20 22:22:37,811 INFO  - ,Broadcast V2X Message from ,rsu_2,veh_2, InterVehicleMsg{,30, 3168,  41.632382935740885,  -71.0077086334615, Road CLOSED, Latitude= 41.63152942688547, Longitude= -71.00921866116134,  (at simulation time 444.801,400,  (at simulation time 444.801,800
2023-11-20 22:22:37,811 INFO  - ,Broadcast V2X Message from ,rsu_2,veh_2, InterVehicleMsg{,30, 3169,  41.632382935740885,  -71.0077086334615, Road CLOSED, Latitude= 41.63152942688547, Longitude= -71.00921866116134,  (at simulation time 444.901,400,  (at simulation time 444.902,800
2023-11-20 22:22:37,811 INFO  - ,Broadcast V2X Message from ,rsu_2,veh_2, InterVehicleMsg{,30, 3170,  41.632382935740885,  -71.0077086334615, Road CLOSED, Latitude= 41.631559366652425, Longitude= -71.00915218432169,  (at simulation time 445.000,900,  (at simulation time 445.003,300
2023-11-20 22:22:37,811 INFO  - ,Broadcast V2X Message from ,rsu_2,veh_2, InterVehicleMsg{,30, 3171,  41.632382935740885,  -71.0077086334615, Road CLOSED, Latitude= 41.631559366652425, Longitude= -71.00915218432169,  (at simulation time 445.101,900,  (at simulation time 445.103,300
2023-11-20 22:22:37,811 INFO  - ,Broadcast V2X Message from ,rsu_2,veh_2, InterVehicleMsg{,30, 3172,  41.632382935740885,  -71.0077086334615, Road CLOSED, Latitude= 41.631559366652425, Longitude= -71.00915218432169,  (at simulation time 445.201,400,  (at simulation time 445.202,800
2023-11-20 22:22:37,811 INFO  - ,Broadcast V2X Message from ,rsu_2,veh_2, InterVehicleMsg{,30, 3173,  41.632382935740885,  -71.0077086334615, Road CLOSED, Latitude= 41.631559366652425, Longitude= -71.00915218432169,  (at simulation time 445.300,900,  (at simulation time 445.301,300
2023-11-20 22:22:37,811 INFO  - ,Broadcast V2X Message from ,rsu_2,veh_2, InterVehicleMsg{,30, 3174,  41.632382935740885,  -71.0077086334615, Road CLOSED, Latitude= 41.631559366652425, Longitude= -71.00915218432169,  (at simulation time 445.400,400,  (at simulation time 445.402,300
2023-11-20 22:22:37,811 INFO  - ,Broadcast V2X Message from ,rsu_2,veh_2, InterVehicleMsg{,30, 3175,  41.632382935740885,  -71.0077086334615, Road CLOSED, Latitude= 41.631559366652425, Longitude= -71.00915218432169,  (at simulation time 445.500,400,  (at simulation time 445.501,800
2023-11-20 22:22:37,811 INFO  - ,Broadcast V2X Message from ,rsu_2,veh_2, InterVehicleMsg{,30, 3176,  41.632382935740885,  -71.0077086334615, Road CLOSED, Latitude= 41.631559366652425, Longitude= -71.00915218432169,  (at simulation time 445.600,900,  (at simulation time 445.603,300
2023-11-20 22:22:37,811 INFO  - ,Broadcast V2X Message from ,rsu_2,veh_2, InterVehicleMsg{,30, 3177,  41.632382935740885,  -71.0077086334615, Road CLOSED, Latitude= 41.631559366652425, Longitude= -71.00915218432169,  (at simulation time 445.700,900,  (at simulation time 445.701,300
2023-11-20 22:22:37,811 INFO  - ,Broadcast V2X Message from ,rsu_2,veh_2, InterVehicleMsg{,30, 3178,  41.632382935740885,  -71.0077086334615, Road CLOSED, Latitude= 41.631559366652425, Longitude= -71.00915218432169,  (at simulation time 445.802,400,  (at simulation time 445.803,800
2023-11-20 22:22:37,811 INFO  - ,Broadcast V2X Message from ,rsu_2,veh_2, InterVehicleMsg{,30, 3179,  41.632382935740885,  -71.0077086334615, Road CLOSED, Latitude= 41.631559366652425, Longitude= -71.00915218432169,  (at simulation time 445.902,400,  (at simulation time 445.903,300
2023-11-20 22:22:37,811 INFO  - ,Broadcast V2X Message from ,rsu_2,veh_2, InterVehicleMsg{,30, 3180,  41.632382935740885,  -71.0077086334615, Road CLOSED, Latitude= 41.631589963584084, Longitude= -71.00908424819467,  (at simulation time 446.000,400,  (at simulation time 446.002,300
2023-11-20 22:22:37,811 INFO  - ,Broadcast V2X Message from ,rsu_2,veh_2, InterVehicleMsg{,30, 3181,  41.632382935740885,  -71.0077086334615, Road CLOSED, Latitude= 41.631589963584084, Longitude= -71.00908424819467,  (at simulation time 446.101,400,  (at simulation time 446.101,800
2023-11-20 22:22:37,811 INFO  - ,Broadcast V2X Message from ,rsu_2,veh_2, InterVehicleMsg{,30, 3182,  41.632382935740885,  -71.0077086334615, Road CLOSED, Latitude= 41.631589963584084, Longitude= -71.00908424819467,  (at simulation time 446.200,400,  (at simulation time 446.200,800
2023-11-20 22:22:37,811 INFO  - ,Broadcast V2X Message from ,rsu_2,veh_2, InterVehicleMsg{,30, 3183,  41.632382935740885,  -71.0077086334615, Road CLOSED, Latitude= 41.631589963584084, Longitude= -71.00908424819467,  (at simulation time 446.300,900,  (at simulation time 446.302,300
2023-11-20 22:22:37,811 INFO  - ,Broadcast V2X Message from ,rsu_2,veh_2, InterVehicleMsg{,30, 3184,  41.632382935740885,  -71.0077086334615, Road CLOSED, Latitude= 41.631589963584084, Longitude= -71.00908424819467,  (at simulation time 446.400,400,  (at simulation time 446.402,300
2023-11-20 22:22:37,811 INFO  - ,Broadcast V2X Message from ,rsu_2,veh_2, InterVehicleMsg{,30, 3185,  41.632382935740885,  -71.0077086334615, Road CLOSED, Latitude= 41.631589963584084, Longitude= -71.00908424819467,  (at simulation time 446.500,400,  (at simulation time 446.502,300
2023-11-20 22:22:37,811 INFO  - ,Broadcast V2X Message from ,rsu_2,veh_2, InterVehicleMsg{,30, 3186,  41.632382935740885,  -71.0077086334615, Road CLOSED, Latitude= 41.631589963584084, Longitude= -71.00908424819467,  (at simulation time 446.600,400,  (at simulation time 446.601,800
2023-11-20 22:22:37,811 INFO  - ,Broadcast V2X Message from ,rsu_2,veh_2, InterVehicleMsg{,30, 3187,  41.632382935740885,  -71.0077086334615, Road CLOSED, Latitude= 41.631589963584084, Longitude= -71.00908424819467,  (at simulation time 446.700,900,  (at simulation time 446.701,300
2023-11-20 22:22:37,811 INFO  - ,Broadcast V2X Message from ,rsu_2,veh_2, InterVehicleMsg{,30, 3188,  41.632382935740885,  -71.0077086334615, Road CLOSED, Latitude= 41.631589963584084, Longitude= -71.00908424819467,  (at simulation time 446.800,900,  (at simulation time 446.801,300
2023-11-20 22:22:37,811 INFO  - ,Broadcast V2X Message from ,rsu_2,veh_2, InterVehicleMsg{,30, 3189,  41.632382935740885,  -71.0077086334615, Road CLOSED, Latitude= 41.631589963584084, Longitude= -71.00908424819467,  (at simulation time 446.900,400,  (at simulation time 446.902,800
2023-11-20 22:22:37,811 INFO  - ,Broadcast V2X Message from ,rsu_2,veh_2, InterVehicleMsg{,30, 3190,  41.632382935740885,  -71.0077086334615, Road CLOSED, Latitude= 41.63161956855749, Longitude= -71.00901851442516,  (at simulation time 447.002,400,  (at simulation time 447.002,800
2023-11-20 22:22:37,811 INFO  - ,Broadcast V2X Message from ,rsu_2,veh_2, InterVehicleMsg{,30, 3191,  41.632382935740885,  -71.0077086334615, Road CLOSED, Latitude= 41.63161956855749, Longitude= -71.00901851442516,  (at simulation time 447.100,400,  (at simulation time 447.100,800
2023-11-20 22:22:37,811 INFO  - ,Broadcast V2X Message from ,rsu_2,veh_2, InterVehicleMsg{,30, 3192,  41.632382935740885,  -71.0077086334615, Road CLOSED, Latitude= 41.63161956855749, Longitude= -71.00901851442516,  (at simulation time 447.202,400,  (at simulation time 447.204,300
2023-11-20 22:22:37,811 INFO  - ,Broadcast V2X Message from ,rsu_2,veh_2, InterVehicleMsg{,30, 3193,  41.632382935740885,  -71.0077086334615, Road CLOSED, Latitude= 41.63161956855749, Longitude= -71.00901851442516,  (at simulation time 447.300,900,  (at simulation time 447.302,300
2023-11-20 22:22:37,811 INFO  - ,Broadcast V2X Message from ,rsu_2,veh_2, InterVehicleMsg{,30, 3194,  41.632382935740885,  -71.0077086334615, Road CLOSED, Latitude= 41.63161956855749, Longitude= -71.00901851442516,  (at simulation time 447.400,900,  (at simulation time 447.401,300
2023-11-20 22:22:37,811 INFO  - ,Broadcast V2X Message from ,rsu_2,veh_2, InterVehicleMsg{,30, 3195,  41.632382935740885,  -71.0077086334615, Road CLOSED, Latitude= 41.63161956855749, Longitude= -71.00901851442516,  (at simulation time 447.501,900,  (at simulation time 447.502,300
2023-11-20 22:22:37,811 INFO  - ,Broadcast V2X Message from ,rsu_2,veh_2, InterVehicleMsg{,30, 3196,  41.632382935740885,  -71.0077086334615, Road CLOSED, Latitude= 41.63161956855749, Longitude= -71.00901851442516,  (at simulation time 447.602,400,  (at simulation time 447.603,300
2023-11-20 22:22:37,811 INFO  - ,Broadcast V2X Message from ,rsu_2,veh_2, InterVehicleMsg{,30, 3197,  41.632382935740885,  -71.0077086334615, Road CLOSED, Latitude= 41.63161956855749, Longitude= -71.00901851442516,  (at simulation time 447.700,900,  (at simulation time 447.702,800
2023-11-20 22:22:37,811 INFO  - ,Broadcast V2X Message from ,rsu_2,veh_2, InterVehicleMsg{,30, 3198,  41.632382935740885,  -71.0077086334615, Road CLOSED, Latitude= 41.63161956855749, Longitude= -71.00901851442516,  (at simulation time 447.802,400,  (at simulation time 447.803,800
2023-11-20 22:22:37,811 INFO  - ,Broadcast V2X Message from ,rsu_2,veh_2, InterVehicleMsg{,30, 3199,  41.632382935740885,  -71.0077086334615, Road CLOSED, Latitude= 41.63161956855749, Longitude= -71.00901851442516,  (at simulation time 447.902,400,  (at simulation time 447.904,800
2023-11-20 22:22:37,811 INFO  - ,Broadcast V2X Message from ,rsu_2,veh_2, InterVehicleMsg{,30, 3200,  41.632382935740885,  -71.0077086334615, Road CLOSED, Latitude= 41.63165083918404, Longitude= -71.00894908214782,  (at simulation time 448.001,900,  (at simulation time 448.003,300
2023-11-20 22:22:37,811 INFO  - ,Broadcast V2X Message from ,rsu_2,veh_2, InterVehicleMsg{,30, 3201,  41.632382935740885,  -71.0077086334615, Road CLOSED, Latitude= 41.63165083918404, Longitude= -71.00894908214782,  (at simulation time 448.100,900,  (at simulation time 448.102,300
2023-11-20 22:22:37,811 INFO  - ,Broadcast V2X Message from ,rsu_2,veh_2, InterVehicleMsg{,30, 3202,  41.632382935740885,  -71.0077086334615, Road CLOSED, Latitude= 41.63165083918404, Longitude= -71.00894908214782,  (at simulation time 448.201,400,  (at simulation time 448.203,800
2023-11-20 22:22:37,811 INFO  - ,Broadcast V2X Message from ,rsu_2,veh_2, InterVehicleMsg{,30, 3203,  41.632382935740885,  -71.0077086334615, Road CLOSED, Latitude= 41.63165083918404, Longitude= -71.00894908214782,  (at simulation time 448.300,400,  (at simulation time 448.300,800
2023-11-20 22:22:37,811 INFO  - ,Broadcast V2X Message from ,rsu_2,veh_2, InterVehicleMsg{,30, 3204,  41.632382935740885,  -71.0077086334615, Road CLOSED, Latitude= 41.63165083918404, Longitude= -71.00894908214782,  (at simulation time 448.400,400,  (at simulation time 448.400,800
2023-11-20 22:22:37,811 INFO  - ,Broadcast V2X Message from ,rsu_2,veh_2, InterVehicleMsg{,30, 3205,  41.632382935740885,  -71.0077086334615, Road CLOSED, Latitude= 41.63165083918404, Longitude= -71.00894908214782,  (at simulation time 448.502,400,  (at simulation time 448.503,300
2023-11-20 22:22:37,811 INFO  - ,Broadcast V2X Message from ,rsu_2,veh_2, InterVehicleMsg{,30, 3206,  41.632382935740885,  -71.0077086334615, Road CLOSED, Latitude= 41.63165083918404, Longitude= -71.00894908214782,  (at simulation time 448.601,900,  (at simulation time 448.603,300
2023-11-20 22:22:37,811 INFO  - ,Broadcast V2X Message from ,rsu_2,veh_2, InterVehicleMsg{,30, 3207,  41.632382935740885,  -71.0077086334615, Road CLOSED, Latitude= 41.63165083918404, Longitude= -71.00894908214782,  (at simulation time 448.701,400,  (at simulation time 448.702,300
2023-11-20 22:22:37,811 INFO  - ,Broadcast V2X Message from ,rsu_2,veh_2, InterVehicleMsg{,30, 3208,  41.632382935740885,  -71.0077086334615, Road CLOSED, Latitude= 41.63165083918404, Longitude= -71.00894908214782,  (at simulation time 448.800,900,  (at simulation time 448.801,800
2023-11-20 22:22:37,811 INFO  - ,Broadcast V2X Message from ,rsu_2,veh_2, InterVehicleMsg{,30, 3209,  41.632382935740885,  -71.0077086334615, Road CLOSED, Latitude= 41.63165083918404, Longitude= -71.00894908214782,  (at simulation time 448.901,400,  (at simulation time 448.903,800
2023-11-20 22:22:37,811 INFO  - ,Broadcast V2X Message from ,rsu_2,veh_2, InterVehicleMsg{,30, 3210,  41.632382935740885,  -71.0077086334615, Road CLOSED, Latitude= 41.63167886760495, Longitude= -71.00888684862332,  (at simulation time 449.000,900,  (at simulation time 449.001,300
2023-11-20 22:22:37,825 INFO  - ,Broadcast V2X Message from ,rsu_2,veh_2, InterVehicleMsg{,30, 3211,  41.632382935740885,  -71.0077086334615, Road CLOSED, Latitude= 41.63167886760495, Longitude= -71.00888684862332,  (at simulation time 449.101,400,  (at simulation time 449.101,800
2023-11-20 22:22:37,825 INFO  - ,Broadcast V2X Message from ,rsu_2,veh_2, InterVehicleMsg{,30, 3212,  41.632382935740885,  -71.0077086334615, Road CLOSED, Latitude= 41.63167886760495, Longitude= -71.00888684862332,  (at simulation time 449.202,400,  (at simulation time 449.204,800
2023-11-20 22:22:37,825 INFO  - ,Broadcast V2X Message from ,rsu_2,veh_2, InterVehicleMsg{,30, 3213,  41.632382935740885,  -71.0077086334615, Road CLOSED, Latitude= 41.63167886760495, Longitude= -71.00888684862332,  (at simulation time 449.301,400,  (at simulation time 449.303,300
2023-11-20 22:22:37,825 INFO  - ,Broadcast V2X Message from ,rsu_2,veh_2, InterVehicleMsg{,30, 3214,  41.632382935740885,  -71.0077086334615, Road CLOSED, Latitude= 41.63167886760495, Longitude= -71.00888684862332,  (at simulation time 449.401,400,  (at simulation time 449.403,800
2023-11-20 22:22:37,825 INFO  - ,Broadcast V2X Message from ,rsu_2,veh_2, InterVehicleMsg{,30, 3215,  41.632382935740885,  -71.0077086334615, Road CLOSED, Latitude= 41.63167886760495, Longitude= -71.00888684862332,  (at simulation time 449.500,900,  (at simulation time 449.501,300
2023-11-20 22:22:37,825 INFO  - ,Broadcast V2X Message from ,rsu_2,veh_2, InterVehicleMsg{,30, 3216,  41.632382935740885,  -71.0077086334615, Road CLOSED, Latitude= 41.63167886760495, Longitude= -71.00888684862332,  (at simulation time 449.600,400,  (at simulation time 449.602,300
2023-11-20 22:22:37,825 INFO  - ,Broadcast V2X Message from ,rsu_2,veh_2, InterVehicleMsg{,30, 3217,  41.632382935740885,  -71.0077086334615, Road CLOSED, Latitude= 41.63167886760495, Longitude= -71.00888684862332,  (at simulation time 449.701,400,  (at simulation time 449.703,300
2023-11-20 22:22:37,825 INFO  - ,Broadcast V2X Message from ,rsu_2,veh_2, InterVehicleMsg{,30, 3218,  41.632382935740885,  -71.0077086334615, Road CLOSED, Latitude= 41.63167886760495, Longitude= -71.00888684862332,  (at simulation time 449.802,400,  (at simulation time 449.802,800
2023-11-20 22:22:37,825 INFO  - ,Broadcast V2X Message from ,rsu_2,veh_2, InterVehicleMsg{,30, 3219,  41.632382935740885,  -71.0077086334615, Road CLOSED, Latitude= 41.63167886760495, Longitude= -71.00888684862332,  (at simulation time 449.901,400,  (at simulation time 449.903,800
2023-11-20 22:22:37,827 INFO  - ,Broadcast V2X Message from ,rsu_2,veh_2, InterVehicleMsg{,30, 3220,  41.632382935740885,  -71.0077086334615, Road CLOSED, Latitude= 41.63171001770667, Longitude= -71.00881768365643,  (at simulation time 450.001,900,  (at simulation time 450.004,300
2023-11-20 22:22:37,827 INFO  - ,Broadcast V2X Message from ,rsu_2,veh_2, InterVehicleMsg{,30, 3221,  41.632382935740885,  -71.0077086334615, Road CLOSED, Latitude= 41.63171001770667, Longitude= -71.00881768365643,  (at simulation time 450.101,900,  (at simulation time 450.104,300
2023-11-20 22:22:37,827 INFO  - ,Broadcast V2X Message from ,rsu_2,veh_2, InterVehicleMsg{,30, 3222,  41.632382935740885,  -71.0077086334615, Road CLOSED, Latitude= 41.63171001770667, Longitude= -71.00881768365643,  (at simulation time 450.201,400,  (at simulation time 450.202,800
2023-11-20 22:22:37,827 INFO  - ,Broadcast V2X Message from ,rsu_2,veh_2, InterVehicleMsg{,30, 3223,  41.632382935740885,  -71.0077086334615, Road CLOSED, Latitude= 41.63171001770667, Longitude= -71.00881768365643,  (at simulation time 450.301,900,  (at simulation time 450.303,300
2023-11-20 22:22:37,828 INFO  - ,Broadcast V2X Message from ,rsu_2,veh_2, InterVehicleMsg{,30, 3224,  41.632382935740885,  -71.0077086334615, Road CLOSED, Latitude= 41.63171001770667, Longitude= -71.00881768365643,  (at simulation time 450.401,900,  (at simulation time 450.402,800
2023-11-20 22:22:37,828 INFO  - ,Broadcast V2X Message from ,rsu_2,veh_2, InterVehicleMsg{,30, 3225,  41.632382935740885,  -71.0077086334615, Road CLOSED, Latitude= 41.63171001770667, Longitude= -71.00881768365643,  (at simulation time 450.501,900,  (at simulation time 450.504,300
2023-11-20 22:22:37,828 INFO  - ,Broadcast V2X Message from ,rsu_2,veh_2, InterVehicleMsg{,30, 3226,  41.632382935740885,  -71.0077086334615, Road CLOSED, Latitude= 41.63171001770667, Longitude= -71.00881768365643,  (at simulation time 450.601,400,  (at simulation time 450.601,800
2023-11-20 22:22:37,828 INFO  - ,Broadcast V2X Message from ,rsu_2,veh_2, InterVehicleMsg{,30, 3227,  41.632382935740885,  -71.0077086334615, Road CLOSED, Latitude= 41.63171001770667, Longitude= -71.00881768365643,  (at simulation time 450.701,900,  (at simulation time 450.703,300
2023-11-20 22:22:37,828 INFO  - ,Broadcast V2X Message from ,rsu_2,veh_2, InterVehicleMsg{,30, 3228,  41.632382935740885,  -71.0077086334615, Road CLOSED, Latitude= 41.63171001770667, Longitude= -71.00881768365643,  (at simulation time 450.800,400,  (at simulation time 450.801,800
2023-11-20 22:22:37,828 INFO  - ,Broadcast V2X Message from ,rsu_2,veh_2, InterVehicleMsg{,30, 3229,  41.632382935740885,  -71.0077086334615, Road CLOSED, Latitude= 41.63171001770667, Longitude= -71.00881768365643,  (at simulation time 450.901,900,  (at simulation time 450.903,800
2023-11-20 22:22:37,829 INFO  - ,Broadcast V2X Message from ,rsu_2,veh_2, InterVehicleMsg{,30, 3230,  41.632382935740885,  -71.0077086334615, Road CLOSED, Latitude= 41.63174019717718, Longitude= -71.00875067370669,  (at simulation time 451.002,400,  (at simulation time 451.002,800
2023-11-20 22:22:37,829 INFO  - ,Broadcast V2X Message from ,rsu_2,veh_2, InterVehicleMsg{,30, 3231,  41.632382935740885,  -71.0077086334615, Road CLOSED, Latitude= 41.63174019717718, Longitude= -71.00875067370669,  (at simulation time 451.100,400,  (at simulation time 451.101,300
2023-11-20 22:22:37,829 INFO  - ,Broadcast V2X Message from ,rsu_2,veh_2, InterVehicleMsg{,30, 3232,  41.632382935740885,  -71.0077086334615, Road CLOSED, Latitude= 41.63174019717718, Longitude= -71.00875067370669,  (at simulation time 451.200,900,  (at simulation time 451.201,800
2023-11-20 22:22:37,829 INFO  - ,Broadcast V2X Message from ,rsu_2,veh_2, InterVehicleMsg{,30, 3233,  41.632382935740885,  -71.0077086334615, Road CLOSED, Latitude= 41.63174019717718, Longitude= -71.00875067370669,  (at simulation time 451.300,400,  (at simulation time 451.301,800
2023-11-20 22:22:37,829 INFO  - ,Broadcast V2X Message from ,rsu_2,veh_2, InterVehicleMsg{,30, 3234,  41.632382935740885,  -71.0077086334615, Road CLOSED, Latitude= 41.63174019717718, Longitude= -71.00875067370669,  (at simulation time 451.400,900,  (at simulation time 451.403,300
2023-11-20 22:22:37,829 INFO  - ,Broadcast V2X Message from ,rsu_2,veh_2, InterVehicleMsg{,30, 3235,  41.632382935740885,  -71.0077086334615, Road CLOSED, Latitude= 41.63174019717718, Longitude= -71.00875067370669,  (at simulation time 451.501,900,  (at simulation time 451.502,800
2023-11-20 22:22:37,829 INFO  - ,Broadcast V2X Message from ,rsu_2,veh_2, InterVehicleMsg{,30, 3236,  41.632382935740885,  -71.0077086334615, Road CLOSED, Latitude= 41.63174019717718, Longitude= -71.00875067370669,  (at simulation time 451.601,900,  (at simulation time 451.604,300
2023-11-20 22:22:37,829 INFO  - ,Broadcast V2X Message from ,rsu_2,veh_2, InterVehicleMsg{,30, 3237,  41.632382935740885,  -71.0077086334615, Road CLOSED, Latitude= 41.63174019717718, Longitude= -71.00875067370669,  (at simulation time 451.701,400,  (at simulation time 451.702,800
2023-11-20 22:22:37,829 INFO  - ,Broadcast V2X Message from ,rsu_2,veh_2, InterVehicleMsg{,30, 3238,  41.632382935740885,  -71.0077086334615, Road CLOSED, Latitude= 41.63174019717718, Longitude= -71.00875067370669,  (at simulation time 451.802,400,  (at simulation time 451.803,300
2023-11-20 22:22:37,829 INFO  - ,Broadcast V2X Message from ,rsu_2,veh_2, InterVehicleMsg{,30, 3239,  41.632382935740885,  -71.0077086334615, Road CLOSED, Latitude= 41.63174019717718, Longitude= -71.00875067370669,  (at simulation time 451.901,400,  (at simulation time 451.902,800
2023-11-20 22:22:37,829 INFO  - ,Broadcast V2X Message from ,rsu_2,veh_2, InterVehicleMsg{,30, 3240,  41.632382935740885,  -71.0077086334615, Road CLOSED, Latitude= 41.631767759375, Longitude= -71.00868947497291,  (at simulation time 452.001,400,  (at simulation time 452.001,800
2023-11-20 22:22:37,829 INFO  - ,Broadcast V2X Message from ,rsu_2,veh_2, InterVehicleMsg{,30, 3241,  41.632382935740885,  -71.0077086334615, Road CLOSED, Latitude= 41.631767759375, Longitude= -71.00868947497291,  (at simulation time 452.100,400,  (at simulation time 452.101,300
2023-11-20 22:22:37,829 INFO  - ,Broadcast V2X Message from ,rsu_2,veh_2, InterVehicleMsg{,30, 3242,  41.632382935740885,  -71.0077086334615, Road CLOSED, Latitude= 41.631767759375, Longitude= -71.00868947497291,  (at simulation time 452.202,400,  (at simulation time 452.202,800
2023-11-20 22:22:37,829 INFO  - ,Broadcast V2X Message from ,rsu_2,veh_2, InterVehicleMsg{,30, 3243,  41.632382935740885,  -71.0077086334615, Road CLOSED, Latitude= 41.631767759375, Longitude= -71.00868947497291,  (at simulation time 452.301,900,  (at simulation time 452.302,800
2023-11-20 22:22:37,829 INFO  - ,Broadcast V2X Message from ,rsu_2,veh_2, InterVehicleMsg{,30, 3244,  41.632382935740885,  -71.0077086334615, Road CLOSED, Latitude= 41.631767759375, Longitude= -71.00868947497291,  (at simulation time 452.401,400,  (at simulation time 452.403,300
2023-11-20 22:22:37,829 INFO  - ,Broadcast V2X Message from ,rsu_2,veh_2, InterVehicleMsg{,30, 3245,  41.632382935740885,  -71.0077086334615, Road CLOSED, Latitude= 41.631767759375, Longitude= -71.00868947497291,  (at simulation time 452.501,900,  (at simulation time 452.502,300
2023-11-20 22:22:37,829 INFO  - ,Broadcast V2X Message from ,rsu_2,veh_2, InterVehicleMsg{,30, 3246,  41.632382935740885,  -71.0077086334615, Road CLOSED, Latitude= 41.631767759375, Longitude= -71.00868947497291,  (at simulation time 452.600,400,  (at simulation time 452.601,800
2023-11-20 22:22:37,829 INFO  - ,Broadcast V2X Message from ,rsu_2,veh_2, InterVehicleMsg{,30, 3247,  41.632382935740885,  -71.0077086334615, Road CLOSED, Latitude= 41.631767759375, Longitude= -71.00868947497291,  (at simulation time 452.700,900,  (at simulation time 452.701,300
2023-11-20 22:22:37,829 INFO  - ,Broadcast V2X Message from ,rsu_2,veh_2, InterVehicleMsg{,30, 3248,  41.632382935740885,  -71.0077086334615, Road CLOSED, Latitude= 41.631767759375, Longitude= -71.00868947497291,  (at simulation time 452.802,400,  (at simulation time 452.802,800
2023-11-20 22:22:37,829 INFO  - ,Broadcast V2X Message from ,rsu_2,veh_2, InterVehicleMsg{,30, 3249,  41.632382935740885,  -71.0077086334615, Road CLOSED, Latitude= 41.631767759375, Longitude= -71.00868947497291,  (at simulation time 452.902,400,  (at simulation time 452.904,800
2023-11-20 22:22:37,829 INFO  - ,Broadcast V2X Message from ,rsu_2,veh_2, InterVehicleMsg{,30, 3250,  41.632382935740885,  -71.0077086334615, Road CLOSED, Latitude= 41.63180168000884, Longitude= -71.00861415788424,  (at simulation time 453.000,400,  (at simulation time 453.002,300
2023-11-20 22:22:37,829 INFO  - ,Broadcast V2X Message from ,rsu_2,veh_2, InterVehicleMsg{,30, 3251,  41.632382935740885,  -71.0077086334615, Road CLOSED, Latitude= 41.63180168000884, Longitude= -71.00861415788424,  (at simulation time 453.101,400,  (at simulation time 453.101,800
2023-11-20 22:22:37,829 INFO  - ,Broadcast V2X Message from ,rsu_2,veh_2, InterVehicleMsg{,30, 3252,  41.632382935740885,  -71.0077086334615, Road CLOSED, Latitude= 41.63180168000884, Longitude= -71.00861415788424,  (at simulation time 453.202,400,  (at simulation time 453.203,800
2023-11-20 22:22:37,829 INFO  - ,Broadcast V2X Message from ,rsu_2,veh_2, InterVehicleMsg{,30, 3253,  41.632382935740885,  -71.0077086334615, Road CLOSED, Latitude= 41.63180168000884, Longitude= -71.00861415788424,  (at simulation time 453.302,400,  (at simulation time 453.303,800
2023-11-20 22:22:37,829 INFO  - ,Broadcast V2X Message from ,rsu_2,veh_2, InterVehicleMsg{,30, 3254,  41.632382935740885,  -71.0077086334615, Road CLOSED, Latitude= 41.63180168000884, Longitude= -71.00861415788424,  (at simulation time 453.400,400,  (at simulation time 453.402,300
2023-11-20 22:22:37,829 INFO  - ,Broadcast V2X Message from ,rsu_2,veh_2, InterVehicleMsg{,30, 3255,  41.632382935740885,  -71.0077086334615, Road CLOSED, Latitude= 41.63180168000884, Longitude= -71.00861415788424,  (at simulation time 453.501,400,  (at simulation time 453.502,300
2023-11-20 22:22:37,829 INFO  - ,Broadcast V2X Message from ,rsu_2,veh_2, InterVehicleMsg{,30, 3256,  41.632382935740885,  -71.0077086334615, Road CLOSED, Latitude= 41.63180168000884, Longitude= -71.00861415788424,  (at simulation time 453.600,900,  (at simulation time 453.602,800
2023-11-20 22:22:37,829 INFO  - ,Broadcast V2X Message from ,rsu_2,veh_2, InterVehicleMsg{,30, 3257,  41.632382935740885,  -71.0077086334615, Road CLOSED, Latitude= 41.63180168000884, Longitude= -71.00861415788424,  (at simulation time 453.702,400,  (at simulation time 453.703,300
2023-11-20 22:22:37,829 INFO  - ,Broadcast V2X Message from ,rsu_2,veh_2, InterVehicleMsg{,30, 3258,  41.632382935740885,  -71.0077086334615, Road CLOSED, Latitude= 41.63180168000884, Longitude= -71.00861415788424,  (at simulation time 453.801,400,  (at simulation time 453.802,800
2023-11-20 22:22:37,829 INFO  - ,Broadcast V2X Message from ,rsu_2,veh_2, InterVehicleMsg{,30, 3259,  41.632382935740885,  -71.0077086334615, Road CLOSED, Latitude= 41.63180168000884, Longitude= -71.00861415788424,  (at simulation time 453.900,900,  (at simulation time 453.901,800
2023-11-20 22:22:37,829 INFO  - ,Broadcast V2X Message from ,rsu_2,veh_2, InterVehicleMsg{,30, 3260,  41.632382935740885,  -71.0077086334615, Road CLOSED, Latitude= 41.63183551207306, Longitude= -71.00853903726909,  (at simulation time 454.000,900,  (at simulation time 454.001,800
2023-11-20 22:22:37,829 INFO  - ,Broadcast V2X Message from ,rsu_2,veh_2, InterVehicleMsg{,30, 3261,  41.632382935740885,  -71.0077086334615, Road CLOSED, Latitude= 41.63183551207306, Longitude= -71.00853903726909,  (at simulation time 454.100,900,  (at simulation time 454.101,800
2023-11-20 22:22:37,829 INFO  - ,Broadcast V2X Message from ,rsu_2,veh_2, InterVehicleMsg{,30, 3262,  41.632382935740885,  -71.0077086334615, Road CLOSED, Latitude= 41.63183551207306, Longitude= -71.00853903726909,  (at simulation time 454.200,900,  (at simulation time 454.202,300
2023-11-20 22:22:37,829 INFO  - ,Broadcast V2X Message from ,rsu_2,veh_2, InterVehicleMsg{,30, 3263,  41.632382935740885,  -71.0077086334615, Road CLOSED, Latitude= 41.63183551207306, Longitude= -71.00853903726909,  (at simulation time 454.302,400,  (at simulation time 454.303,800
2023-11-20 22:22:37,829 INFO  - ,Broadcast V2X Message from ,rsu_2,veh_2, InterVehicleMsg{,30, 3264,  41.632382935740885,  -71.0077086334615, Road CLOSED, Latitude= 41.63183551207306, Longitude= -71.00853903726909,  (at simulation time 454.401,900,  (at simulation time 454.404,300
2023-11-20 22:22:37,829 INFO  - ,Broadcast V2X Message from ,rsu_2,veh_2, InterVehicleMsg{,30, 3265,  41.632382935740885,  -71.0077086334615, Road CLOSED, Latitude= 41.63183551207306, Longitude= -71.00853903726909,  (at simulation time 454.500,900,  (at simulation time 454.501,800
2023-11-20 22:22:37,829 INFO  - ,Broadcast V2X Message from ,rsu_2,veh_2, InterVehicleMsg{,30, 3266,  41.632382935740885,  -71.0077086334615, Road CLOSED, Latitude= 41.63183551207306, Longitude= -71.00853903726909,  (at simulation time 454.601,400,  (at simulation time 454.602,300
2023-11-20 22:22:37,829 INFO  - ,Broadcast V2X Message from ,rsu_2,veh_2, InterVehicleMsg{,30, 3267,  41.632382935740885,  -71.0077086334615, Road CLOSED, Latitude= 41.63183551207306, Longitude= -71.00853903726909,  (at simulation time 454.700,900,  (at simulation time 454.701,300
2023-11-20 22:22:37,829 INFO  - ,Broadcast V2X Message from ,rsu_2,veh_2, InterVehicleMsg{,30, 3268,  41.632382935740885,  -71.0077086334615, Road CLOSED, Latitude= 41.63183551207306, Longitude= -71.00853903726909,  (at simulation time 454.801,400,  (at simulation time 454.802,300
2023-11-20 22:22:37,829 INFO  - ,Broadcast V2X Message from ,rsu_2,veh_2, InterVehicleMsg{,30, 3269,  41.632382935740885,  -71.0077086334615, Road CLOSED, Latitude= 41.63183551207306, Longitude= -71.00853903726909,  (at simulation time 454.900,400,  (at simulation time 454.901,300
2023-11-20 22:22:37,829 INFO  - ,Broadcast V2X Message from ,rsu_2,veh_2, InterVehicleMsg{,30, 3270,  41.632382935740885,  -71.0077086334615, Road CLOSED, Latitude= 41.631858307543084, Longitude= -71.00848841838757,  (at simulation time 455.002,400,  (at simulation time 455.003,800
2023-11-20 22:22:37,829 INFO  - ,Broadcast V2X Message from ,rsu_2,veh_2, InterVehicleMsg{,30, 3271,  41.632382935740885,  -71.0077086334615, Road CLOSED, Latitude= 41.631858307543084, Longitude= -71.00848841838757,  (at simulation time 455.100,400,  (at simulation time 455.101,300
2023-11-20 22:22:37,829 INFO  - ,Broadcast V2X Message from ,rsu_2,veh_2, InterVehicleMsg{,30, 3272,  41.632382935740885,  -71.0077086334615, Road CLOSED, Latitude= 41.631858307543084, Longitude= -71.00848841838757,  (at simulation time 455.200,900,  (at simulation time 455.201,300
2023-11-20 22:22:37,829 INFO  - ,Broadcast V2X Message from ,rsu_2,veh_2, InterVehicleMsg{,30, 3273,  41.632382935740885,  -71.0077086334615, Road CLOSED, Latitude= 41.631858307543084, Longitude= -71.00848841838757,  (at simulation time 455.300,900,  (at simulation time 455.301,800
2023-11-20 22:22:37,829 INFO  - ,Broadcast V2X Message from ,rsu_2,veh_2, InterVehicleMsg{,30, 3274,  41.632382935740885,  -71.0077086334615, Road CLOSED, Latitude= 41.631858307543084, Longitude= -71.00848841838757,  (at simulation time 455.400,400,  (at simulation time 455.401,800
2023-11-20 22:22:37,829 INFO  - ,Broadcast V2X Message from ,rsu_2,veh_2, InterVehicleMsg{,30, 3275,  41.632382935740885,  -71.0077086334615, Road CLOSED, Latitude= 41.631858307543084, Longitude= -71.00848841838757,  (at simulation time 455.501,400,  (at simulation time 455.503,800
2023-11-20 22:22:37,829 INFO  - ,Broadcast V2X Message from ,rsu_2,veh_2, InterVehicleMsg{,30, 3276,  41.632382935740885,  -71.0077086334615, Road CLOSED, Latitude= 41.631858307543084, Longitude= -71.00848841838757,  (at simulation time 455.600,400,  (at simulation time 455.601,300
2023-11-20 22:22:37,829 INFO  - ,Broadcast V2X Message from ,rsu_2,veh_2, InterVehicleMsg{,30, 3277,  41.632382935740885,  -71.0077086334615, Road CLOSED, Latitude= 41.631858307543084, Longitude= -71.00848841838757,  (at simulation time 455.700,900,  (at simulation time 455.702,300
2023-11-20 22:22:37,829 INFO  - ,Broadcast V2X Message from ,rsu_2,veh_2, InterVehicleMsg{,30, 3278,  41.632382935740885,  -71.0077086334615, Road CLOSED, Latitude= 41.631858307543084, Longitude= -71.00848841838757,  (at simulation time 455.802,400,  (at simulation time 455.804,300
2023-11-20 22:22:37,829 INFO  - ,Broadcast V2X Message from ,rsu_2,veh_2, InterVehicleMsg{,30, 3279,  41.632382935740885,  -71.0077086334615, Road CLOSED, Latitude= 41.631858307543084, Longitude= -71.00848841838757,  (at simulation time 455.900,400,  (at simulation time 455.900,800
2023-11-20 22:22:37,829 INFO  - ,Broadcast V2X Message from ,rsu_2,veh_2, InterVehicleMsg{,30, 3280,  41.632382935740885,  -71.0077086334615, Road CLOSED, Latitude= 41.6318890996105, Longitude= -71.008420035831,  (at simulation time 456.001,400,  (at simulation time 456.001,800
2023-11-20 22:22:37,829 INFO  - ,Broadcast V2X Message from ,rsu_2,veh_2, InterVehicleMsg{,30, 3281,  41.632382935740885,  -71.0077086334615, Road CLOSED, Latitude= 41.6318890996105, Longitude= -71.008420035831,  (at simulation time 456.102,400,  (at simulation time 456.103,300
2023-11-20 22:22:37,829 INFO  - ,Broadcast V2X Message from ,rsu_2,veh_2, InterVehicleMsg{,30, 3282,  41.632382935740885,  -71.0077086334615, Road CLOSED, Latitude= 41.6318890996105, Longitude= -71.008420035831,  (at simulation time 456.202,400,  (at simulation time 456.203,300
2023-11-20 22:22:37,829 INFO  - ,Broadcast V2X Message from ,rsu_2,veh_2, InterVehicleMsg{,30, 3283,  41.632382935740885,  -71.0077086334615, Road CLOSED, Latitude= 41.6318890996105, Longitude= -71.008420035831,  (at simulation time 456.300,900,  (at simulation time 456.303,300
2023-11-20 22:22:37,829 INFO  - ,Broadcast V2X Message from ,rsu_2,veh_2, InterVehicleMsg{,30, 3284,  41.632382935740885,  -71.0077086334615, Road CLOSED, Latitude= 41.6318890996105, Longitude= -71.008420035831,  (at simulation time 456.400,900,  (at simulation time 456.402,800
2023-11-20 22:22:37,829 INFO  - ,Broadcast V2X Message from ,rsu_2,veh_2, InterVehicleMsg{,30, 3285,  41.632382935740885,  -71.0077086334615, Road CLOSED, Latitude= 41.6318890996105, Longitude= -71.008420035831,  (at simulation time 456.501,400,  (at simulation time 456.502,300
2023-11-20 22:22:37,829 INFO  - ,Broadcast V2X Message from ,rsu_2,veh_2, InterVehicleMsg{,30, 3286,  41.632382935740885,  -71.0077086334615, Road CLOSED, Latitude= 41.6318890996105, Longitude= -71.008420035831,  (at simulation time 456.601,400,  (at simulation time 456.603,800
2023-11-20 22:22:37,829 INFO  - ,Broadcast V2X Message from ,rsu_2,veh_2, InterVehicleMsg{,30, 3287,  41.632382935740885,  -71.0077086334615, Road CLOSED, Latitude= 41.6318890996105, Longitude= -71.008420035831,  (at simulation time 456.701,400,  (at simulation time 456.702,800
2023-11-20 22:22:37,829 INFO  - ,Broadcast V2X Message from ,rsu_2,veh_2, InterVehicleMsg{,30, 3288,  41.632382935740885,  -71.0077086334615, Road CLOSED, Latitude= 41.6318890996105, Longitude= -71.008420035831,  (at simulation time 456.800,400,  (at simulation time 456.801,300
2023-11-20 22:22:37,829 INFO  - ,Broadcast V2X Message from ,rsu_2,veh_2, InterVehicleMsg{,30, 3289,  41.632382935740885,  -71.0077086334615, Road CLOSED, Latitude= 41.6318890996105, Longitude= -71.008420035831,  (at simulation time 456.901,400,  (at simulation time 456.903,800
2023-11-20 22:22:37,829 INFO  - ,Broadcast V2X Message from ,rsu_2,veh_2, InterVehicleMsg{,30, 3290,  41.632382935740885,  -71.0077086334615, Road CLOSED, Latitude= 41.63191903861429, Longitude= -71.0083535475978,  (at simulation time 457.001,900,  (at simulation time 457.002,800
2023-11-20 22:22:37,829 INFO  - ,Broadcast V2X Message from ,rsu_2,veh_2, InterVehicleMsg{,30, 3291,  41.632382935740885,  -71.0077086334615, Road CLOSED, Latitude= 41.63191903861429, Longitude= -71.0083535475978,  (at simulation time 457.102,400,  (at simulation time 457.104,300
2023-11-20 22:22:37,829 INFO  - ,Broadcast V2X Message from ,rsu_2,veh_2, InterVehicleMsg{,30, 3292,  41.632382935740885,  -71.0077086334615, Road CLOSED, Latitude= 41.63191903861429, Longitude= -71.0083535475978,  (at simulation time 457.200,400,  (at simulation time 457.202,800
2023-11-20 22:22:37,829 INFO  - ,Broadcast V2X Message from ,rsu_2,veh_2, InterVehicleMsg{,30, 3293,  41.632382935740885,  -71.0077086334615, Road CLOSED, Latitude= 41.63191903861429, Longitude= -71.0083535475978,  (at simulation time 457.300,400,  (at simulation time 457.302,800
2023-11-20 22:22:37,829 INFO  - ,Broadcast V2X Message from ,rsu_2,veh_2, InterVehicleMsg{,30, 3294,  41.632382935740885,  -71.0077086334615, Road CLOSED, Latitude= 41.63191903861429, Longitude= -71.0083535475978,  (at simulation time 457.402,400,  (at simulation time 457.404,800
2023-11-20 22:22:37,829 INFO  - ,Broadcast V2X Message from ,rsu_2,veh_2, InterVehicleMsg{,30, 3295,  41.632382935740885,  -71.0077086334615, Road CLOSED, Latitude= 41.63191903861429, Longitude= -71.0083535475978,  (at simulation time 457.502,400,  (at simulation time 457.503,300
2023-11-20 22:22:37,829 INFO  - ,Broadcast V2X Message from ,rsu_2,veh_2, InterVehicleMsg{,30, 3296,  41.632382935740885,  -71.0077086334615, Road CLOSED, Latitude= 41.63191903861429, Longitude= -71.0083535475978,  (at simulation time 457.600,400,  (at simulation time 457.601,300
2023-11-20 22:22:37,829 INFO  - ,Broadcast V2X Message from ,rsu_2,veh_2, InterVehicleMsg{,30, 3297,  41.632382935740885,  -71.0077086334615, Road CLOSED, Latitude= 41.63191903861429, Longitude= -71.0083535475978,  (at simulation time 457.700,900,  (at simulation time 457.702,300
2023-11-20 22:22:37,829 INFO  - ,Broadcast V2X Message from ,rsu_2,veh_2, InterVehicleMsg{,30, 3298,  41.632382935740885,  -71.0077086334615, Road CLOSED, Latitude= 41.63191903861429, Longitude= -71.0083535475978,  (at simulation time 457.800,400,  (at simulation time 457.800,800
2023-11-20 22:22:37,829 INFO  - ,Broadcast V2X Message from ,rsu_2,veh_2, InterVehicleMsg{,30, 3299,  41.632382935740885,  -71.0077086334615, Road CLOSED, Latitude= 41.63191903861429, Longitude= -71.0083535475978,  (at simulation time 457.901,400,  (at simulation time 457.902,800
2023-11-20 22:22:37,829 INFO  - ,Broadcast V2X Message from ,rsu_2,veh_2, InterVehicleMsg{,30, 3300,  41.632382935740885,  -71.0077086334615, Road CLOSED, Latitude= 41.63194666337604, Longitude= -71.00829219868075,  (at simulation time 458.002,400,  (at simulation time 458.004,300
2023-11-20 22:22:37,829 INFO  - ,Broadcast V2X Message from ,rsu_2,veh_2, InterVehicleMsg{,30, 3301,  41.632382935740885,  -71.0077086334615, Road CLOSED, Latitude= 41.63194666337604, Longitude= -71.00829219868075,  (at simulation time 458.101,400,  (at simulation time 458.102,800
2023-11-20 22:22:37,829 INFO  - ,Broadcast V2X Message from ,rsu_2,veh_2, InterVehicleMsg{,30, 3302,  41.632382935740885,  -71.0077086334615, Road CLOSED, Latitude= 41.63194666337604, Longitude= -71.00829219868075,  (at simulation time 458.200,900,  (at simulation time 458.201,300
2023-11-20 22:22:37,829 INFO  - ,Broadcast V2X Message from ,rsu_2,veh_2, InterVehicleMsg{,30, 3303,  41.632382935740885,  -71.0077086334615, Road CLOSED, Latitude= 41.63194666337604, Longitude= -71.00829219868075,  (at simulation time 458.302,400,  (at simulation time 458.303,800
2023-11-20 22:22:37,829 INFO  - ,Broadcast V2X Message from ,rsu_2,veh_2, InterVehicleMsg{,30, 3304,  41.632382935740885,  -71.0077086334615, Road CLOSED, Latitude= 41.63194666337604, Longitude= -71.00829219868075,  (at simulation time 458.400,900,  (at simulation time 458.402,300
2023-11-20 22:22:37,829 INFO  - ,Broadcast V2X Message from ,rsu_2,veh_2, InterVehicleMsg{,30, 3305,  41.632382935740885,  -71.0077086334615, Road CLOSED, Latitude= 41.63194666337604, Longitude= -71.00829219868075,  (at simulation time 458.502,400,  (at simulation time 458.503,300
2023-11-20 22:22:37,829 INFO  - ,Broadcast V2X Message from ,rsu_2,veh_2, InterVehicleMsg{,30, 3306,  41.632382935740885,  -71.0077086334615, Road CLOSED, Latitude= 41.63194666337604, Longitude= -71.00829219868075,  (at simulation time 458.600,900,  (at simulation time 458.601,300
2023-11-20 22:22:37,829 INFO  - ,Broadcast V2X Message from ,rsu_2,veh_2, InterVehicleMsg{,30, 3307,  41.632382935740885,  -71.0077086334615, Road CLOSED, Latitude= 41.63194666337604, Longitude= -71.00829219868075,  (at simulation time 458.701,900,  (at simulation time 458.702,800
2023-11-20 22:22:37,829 INFO  - ,Broadcast V2X Message from ,rsu_2,veh_2, InterVehicleMsg{,30, 3308,  41.632382935740885,  -71.0077086334615, Road CLOSED, Latitude= 41.63194666337604, Longitude= -71.00829219868075,  (at simulation time 458.801,900,  (at simulation time 458.802,300
2023-11-20 22:22:37,829 INFO  - ,Broadcast V2X Message from ,rsu_2,veh_2, InterVehicleMsg{,30, 3309,  41.632382935740885,  -71.0077086334615, Road CLOSED, Latitude= 41.63194666337604, Longitude= -71.00829219868075,  (at simulation time 458.901,900,  (at simulation time 458.902,800
2023-11-20 22:22:37,829 INFO  - ,Broadcast V2X Message from ,rsu_2,veh_2, InterVehicleMsg{,30, 3310,  41.632382935740885,  -71.0077086334615, Road CLOSED, Latitude= 41.63197686830307, Longitude= -71.00822511960547,  (at simulation time 459.002,400,  (at simulation time 459.002,800
2023-11-20 22:22:37,829 INFO  - ,Broadcast V2X Message from ,rsu_2,veh_2, InterVehicleMsg{,30, 3311,  41.632382935740885,  -71.0077086334615, Road CLOSED, Latitude= 41.63197686830307, Longitude= -71.00822511960547,  (at simulation time 459.102,400,  (at simulation time 459.104,300
2023-11-20 22:22:37,842 INFO  - ,Broadcast V2X Message from ,rsu_2,veh_2, InterVehicleMsg{,30, 3312,  41.632382935740885,  -71.0077086334615, Road CLOSED, Latitude= 41.63197686830307, Longitude= -71.00822511960547,  (at simulation time 459.201,400,  (at simulation time 459.201,800
2023-11-20 22:22:37,842 INFO  - ,Broadcast V2X Message from ,rsu_2,veh_2, InterVehicleMsg{,30, 3313,  41.632382935740885,  -71.0077086334615, Road CLOSED, Latitude= 41.63197686830307, Longitude= -71.00822511960547,  (at simulation time 459.300,900,  (at simulation time 459.302,800
2023-11-20 22:22:37,842 INFO  - ,Broadcast V2X Message from ,rsu_2,veh_2, InterVehicleMsg{,30, 3314,  41.632382935740885,  -71.0077086334615, Road CLOSED, Latitude= 41.63197686830307, Longitude= -71.00822511960547,  (at simulation time 459.402,400,  (at simulation time 459.403,300
2023-11-20 22:22:37,842 INFO  - ,Broadcast V2X Message from ,rsu_2,veh_2, InterVehicleMsg{,30, 3315,  41.632382935740885,  -71.0077086334615, Road CLOSED, Latitude= 41.63197686830307, Longitude= -71.00822511960547,  (at simulation time 459.502,400,  (at simulation time 459.504,800
2023-11-20 22:22:37,842 INFO  - ,Broadcast V2X Message from ,rsu_2,veh_2, InterVehicleMsg{,30, 3316,  41.632382935740885,  -71.0077086334615, Road CLOSED, Latitude= 41.63197686830307, Longitude= -71.00822511960547,  (at simulation time 459.601,900,  (at simulation time 459.603,800
2023-11-20 22:22:37,842 INFO  - ,Broadcast V2X Message from ,rsu_2,veh_2, InterVehicleMsg{,30, 3317,  41.632382935740885,  -71.0077086334615, Road CLOSED, Latitude= 41.63197686830307, Longitude= -71.00822511960547,  (at simulation time 459.700,900,  (at simulation time 459.701,800
2023-11-20 22:22:37,842 INFO  - ,Broadcast V2X Message from ,rsu_2,veh_2, InterVehicleMsg{,30, 3318,  41.632382935740885,  -71.0077086334615, Road CLOSED, Latitude= 41.63197686830307, Longitude= -71.00822511960547,  (at simulation time 459.801,900,  (at simulation time 459.802,300
2023-11-20 22:22:37,842 INFO  - ,Broadcast V2X Message from ,rsu_2,veh_2, InterVehicleMsg{,30, 3319,  41.632382935740885,  -71.0077086334615, Road CLOSED, Latitude= 41.63197686830307, Longitude= -71.00822511960547,  (at simulation time 459.902,400,  (at simulation time 459.903,800
2023-11-20 22:22:37,844 INFO  - ,Broadcast V2X Message from ,rsu_2,veh_2, InterVehicleMsg{,30, 3320,  41.632382935740885,  -71.0077086334615, Road CLOSED, Latitude= 41.632009152186264, Longitude= -71.00815342342267,  (at simulation time 460.002,400,  (at simulation time 460.004,300
2023-11-20 22:22:37,844 INFO  - ,Broadcast V2X Message from ,rsu_2,veh_2, InterVehicleMsg{,30, 3321,  41.632382935740885,  -71.0077086334615, Road CLOSED, Latitude= 41.632009152186264, Longitude= -71.00815342342267,  (at simulation time 460.101,900,  (at simulation time 460.102,800
2023-11-20 22:22:37,844 INFO  - ,Broadcast V2X Message from ,rsu_2,veh_2, InterVehicleMsg{,30, 3322,  41.632382935740885,  -71.0077086334615, Road CLOSED, Latitude= 41.632009152186264, Longitude= -71.00815342342267,  (at simulation time 460.202,400,  (at simulation time 460.202,800
2023-11-20 22:22:37,844 INFO  - ,Broadcast V2X Message from ,rsu_2,veh_2, InterVehicleMsg{,30, 3323,  41.632382935740885,  -71.0077086334615, Road CLOSED, Latitude= 41.632009152186264, Longitude= -71.00815342342267,  (at simulation time 460.300,400,  (at simulation time 460.300,800
2023-11-20 22:22:37,844 INFO  - ,Broadcast V2X Message from ,rsu_2,veh_2, InterVehicleMsg{,30, 3324,  41.632382935740885,  -71.0077086334615, Road CLOSED, Latitude= 41.632009152186264, Longitude= -71.00815342342267,  (at simulation time 460.401,400,  (at simulation time 460.403,800
2023-11-20 22:22:37,844 INFO  - ,Broadcast V2X Message from ,rsu_2,veh_2, InterVehicleMsg{,30, 3325,  41.632382935740885,  -71.0077086334615, Road CLOSED, Latitude= 41.632009152186264, Longitude= -71.00815342342267,  (at simulation time 460.500,900,  (at simulation time 460.503,300
2023-11-20 22:22:37,844 INFO  - ,Broadcast V2X Message from ,rsu_2,veh_2, InterVehicleMsg{,30, 3326,  41.632382935740885,  -71.0077086334615, Road CLOSED, Latitude= 41.632009152186264, Longitude= -71.00815342342267,  (at simulation time 460.600,900,  (at simulation time 460.602,800
2023-11-20 22:22:37,844 INFO  - ,Broadcast V2X Message from ,rsu_2,veh_2, InterVehicleMsg{,30, 3327,  41.632382935740885,  -71.0077086334615, Road CLOSED, Latitude= 41.632009152186264, Longitude= -71.00815342342267,  (at simulation time 460.702,400,  (at simulation time 460.703,300
2023-11-20 22:22:37,844 INFO  - ,Broadcast V2X Message from ,rsu_2,veh_2, InterVehicleMsg{,30, 3328,  41.632382935740885,  -71.0077086334615, Road CLOSED, Latitude= 41.632009152186264, Longitude= -71.00815342342267,  (at simulation time 460.801,400,  (at simulation time 460.801,800
2023-11-20 22:22:37,847 INFO  - ,Broadcast V2X Message from ,rsu_2,veh_2, InterVehicleMsg{,30, 3329,  41.632382935740885,  -71.0077086334615, Road CLOSED, Latitude= 41.632009152186264, Longitude= -71.00815342342267,  (at simulation time 460.901,900,  (at simulation time 460.903,800
2023-11-20 22:22:37,847 INFO  - ,Broadcast V2X Message from ,rsu_2,veh_2, InterVehicleMsg{,30, 3330,  41.632382935740885,  -71.0077086334615, Road CLOSED, Latitude= 41.63203840100838, Longitude= -71.00808846737034,  (at simulation time 461.000,400,  (at simulation time 461.001,800
2023-11-20 22:22:37,848 INFO  - ,Broadcast V2X Message from ,rsu_2,veh_2, InterVehicleMsg{,30, 3331,  41.632382935740885,  -71.0077086334615, Road CLOSED, Latitude= 41.63203840100838, Longitude= -71.00808846737034,  (at simulation time 461.100,400,  (at simulation time 461.101,300
2023-11-20 22:22:37,848 INFO  - ,Broadcast V2X Message from ,rsu_2,veh_2, InterVehicleMsg{,30, 3332,  41.632382935740885,  -71.0077086334615, Road CLOSED, Latitude= 41.63203840100838, Longitude= -71.00808846737034,  (at simulation time 461.200,400,  (at simulation time 461.200,800
2023-11-20 22:22:37,848 INFO  - ,Broadcast V2X Message from ,rsu_2,veh_2, InterVehicleMsg{,30, 3333,  41.632382935740885,  -71.0077086334615, Road CLOSED, Latitude= 41.63203840100838, Longitude= -71.00808846737034,  (at simulation time 461.300,400,  (at simulation time 461.301,300
2023-11-20 22:22:37,848 INFO  - ,Broadcast V2X Message from ,rsu_2,veh_2, InterVehicleMsg{,30, 3334,  41.632382935740885,  -71.0077086334615, Road CLOSED, Latitude= 41.63203840100838, Longitude= -71.00808846737034,  (at simulation time 461.402,400,  (at simulation time 461.404,300
2023-11-20 22:22:37,848 INFO  - ,Broadcast V2X Message from ,rsu_2,veh_2, InterVehicleMsg{,30, 3335,  41.632382935740885,  -71.0077086334615, Road CLOSED, Latitude= 41.63203840100838, Longitude= -71.00808846737034,  (at simulation time 461.502,400,  (at simulation time 461.504,800
2023-11-20 22:22:37,848 INFO  - ,Broadcast V2X Message from ,rsu_2,veh_2, InterVehicleMsg{,30, 3336,  41.632382935740885,  -71.0077086334615, Road CLOSED, Latitude= 41.63203840100838, Longitude= -71.00808846737034,  (at simulation time 461.602,400,  (at simulation time 461.603,800
2023-11-20 22:22:37,848 INFO  - ,Broadcast V2X Message from ,rsu_2,veh_2, InterVehicleMsg{,30, 3337,  41.632382935740885,  -71.0077086334615, Road CLOSED, Latitude= 41.63203840100838, Longitude= -71.00808846737034,  (at simulation time 461.701,400,  (at simulation time 461.703,800
2023-11-20 22:22:37,848 INFO  - ,Broadcast V2X Message from ,rsu_2,veh_2, InterVehicleMsg{,30, 3338,  41.632382935740885,  -71.0077086334615, Road CLOSED, Latitude= 41.63203840100838, Longitude= -71.00808846737034,  (at simulation time 461.801,400,  (at simulation time 461.803,800
2023-11-20 22:22:37,848 INFO  - ,Broadcast V2X Message from ,rsu_2,veh_2, InterVehicleMsg{,30, 3339,  41.632382935740885,  -71.0077086334615, Road CLOSED, Latitude= 41.63203840100838, Longitude= -71.00808846737034,  (at simulation time 461.900,900,  (at simulation time 461.901,300
2023-11-20 22:22:37,848 INFO  - ,Broadcast V2X Message from ,rsu_2,veh_2, InterVehicleMsg{,30, 3340,  41.632382935740885,  -71.0077086334615, Road CLOSED, Latitude= 41.63206881633666, Longitude= -71.00802092058329,  (at simulation time 462.001,900,  (at simulation time 462.004,300
2023-11-20 22:22:37,848 INFO  - ,Broadcast V2X Message from ,rsu_2,veh_2, InterVehicleMsg{,30, 3341,  41.632382935740885,  -71.0077086334615, Road CLOSED, Latitude= 41.63206881633666, Longitude= -71.00802092058329,  (at simulation time 462.101,400,  (at simulation time 462.102,300
2023-11-20 22:22:37,848 INFO  - ,Broadcast V2X Message from ,rsu_2,veh_2, InterVehicleMsg{,30, 3342,  41.632382935740885,  -71.0077086334615, Road CLOSED, Latitude= 41.63206881633666, Longitude= -71.00802092058329,  (at simulation time 462.202,400,  (at simulation time 462.204,800
2023-11-20 22:22:37,848 INFO  - ,Broadcast V2X Message from ,rsu_2,veh_2, InterVehicleMsg{,30, 3343,  41.632382935740885,  -71.0077086334615, Road CLOSED, Latitude= 41.63206881633666, Longitude= -71.00802092058329,  (at simulation time 462.301,400,  (at simulation time 462.303,800
2023-11-20 22:22:37,848 INFO  - ,Broadcast V2X Message from ,rsu_2,veh_2, InterVehicleMsg{,30, 3344,  41.632382935740885,  -71.0077086334615, Road CLOSED, Latitude= 41.63206881633666, Longitude= -71.00802092058329,  (at simulation time 462.400,900,  (at simulation time 462.402,300
2023-11-20 22:22:37,848 INFO  - ,Broadcast V2X Message from ,rsu_2,veh_2, InterVehicleMsg{,30, 3345,  41.632382935740885,  -71.0077086334615, Road CLOSED, Latitude= 41.63206881633666, Longitude= -71.00802092058329,  (at simulation time 462.502,400,  (at simulation time 462.503,800
2023-11-20 22:22:37,848 INFO  - ,Broadcast V2X Message from ,rsu_2,veh_2, InterVehicleMsg{,30, 3346,  41.632382935740885,  -71.0077086334615, Road CLOSED, Latitude= 41.63206881633666, Longitude= -71.00802092058329,  (at simulation time 462.600,900,  (at simulation time 462.603,300
2023-11-20 22:22:37,848 INFO  - ,Broadcast V2X Message from ,rsu_2,veh_2, InterVehicleMsg{,30, 3347,  41.632382935740885,  -71.0077086334615, Road CLOSED, Latitude= 41.63206881633666, Longitude= -71.00802092058329,  (at simulation time 462.701,900,  (at simulation time 462.703,300
2023-11-20 22:22:37,848 INFO  - ,Broadcast V2X Message from ,rsu_2,veh_2, InterVehicleMsg{,30, 3348,  41.632382935740885,  -71.0077086334615, Road CLOSED, Latitude= 41.63206881633666, Longitude= -71.00802092058329,  (at simulation time 462.801,900,  (at simulation time 462.802,800
2023-11-20 22:22:37,848 INFO  - ,Broadcast V2X Message from ,rsu_2,veh_2, InterVehicleMsg{,30, 3349,  41.632382935740885,  -71.0077086334615, Road CLOSED, Latitude= 41.63206881633666, Longitude= -71.00802092058329,  (at simulation time 462.901,400,  (at simulation time 462.903,800
2023-11-20 22:22:37,848 INFO  - ,Broadcast V2X Message from ,rsu_2,veh_2, InterVehicleMsg{,30, 3350,  41.632382935740885,  -71.0077086334615, Road CLOSED, Latitude= 41.63209979131472, Longitude= -71.00795213076405,  (at simulation time 463.001,400,  (at simulation time 463.003,300
2023-11-20 22:22:37,848 INFO  - ,Broadcast V2X Message from ,rsu_2,veh_2, InterVehicleMsg{,30, 3351,  41.632382935740885,  -71.0077086334615, Road CLOSED, Latitude= 41.63209979131472, Longitude= -71.00795213076405,  (at simulation time 463.101,400,  (at simulation time 463.102,800
2023-11-20 22:22:37,848 INFO  - ,Broadcast V2X Message from ,rsu_2,veh_2, InterVehicleMsg{,30, 3352,  41.632382935740885,  -71.0077086334615, Road CLOSED, Latitude= 41.63209979131472, Longitude= -71.00795213076405,  (at simulation time 463.201,900,  (at simulation time 463.204,300
2023-11-20 22:22:37,848 INFO  - ,Broadcast V2X Message from ,rsu_2,veh_2, InterVehicleMsg{,30, 3353,  41.632382935740885,  -71.0077086334615, Road CLOSED, Latitude= 41.63209979131472, Longitude= -71.00795213076405,  (at simulation time 463.300,400,  (at simulation time 463.301,800
2023-11-20 22:22:37,848 INFO  - ,Broadcast V2X Message from ,rsu_2,veh_2, InterVehicleMsg{,30, 3354,  41.632382935740885,  -71.0077086334615, Road CLOSED, Latitude= 41.63209979131472, Longitude= -71.00795213076405,  (at simulation time 463.400,400,  (at simulation time 463.400,800
2023-11-20 22:22:37,848 INFO  - ,Broadcast V2X Message from ,rsu_2,veh_2, InterVehicleMsg{,30, 3355,  41.632382935740885,  -71.0077086334615, Road CLOSED, Latitude= 41.63209979131472, Longitude= -71.00795213076405,  (at simulation time 463.502,400,  (at simulation time 463.503,300
2023-11-20 22:22:37,848 INFO  - ,Broadcast V2X Message from ,rsu_2,veh_2, InterVehicleMsg{,30, 3356,  41.632382935740885,  -71.0077086334615, Road CLOSED, Latitude= 41.63209979131472, Longitude= -71.00795213076405,  (at simulation time 463.601,900,  (at simulation time 463.602,800
2023-11-20 22:22:37,848 INFO  - ,Broadcast V2X Message from ,rsu_2,veh_2, InterVehicleMsg{,30, 3357,  41.632382935740885,  -71.0077086334615, Road CLOSED, Latitude= 41.63209979131472, Longitude= -71.00795213076405,  (at simulation time 463.700,400,  (at simulation time 463.701,300
2023-11-20 22:22:37,848 INFO  - ,Broadcast V2X Message from ,rsu_2,veh_2, InterVehicleMsg{,30, 3358,  41.632382935740885,  -71.0077086334615, Road CLOSED, Latitude= 41.63209979131472, Longitude= -71.00795213076405,  (at simulation time 463.800,900,  (at simulation time 463.802,800
2023-11-20 22:22:37,848 INFO  - ,Broadcast V2X Message from ,rsu_2,veh_2, InterVehicleMsg{,30, 3359,  41.632382935740885,  -71.0077086334615, Road CLOSED, Latitude= 41.63209979131472, Longitude= -71.00795213076405,  (at simulation time 463.901,400,  (at simulation time 463.903,300
2023-11-20 22:22:37,848 INFO  - ,Broadcast V2X Message from ,rsu_2,veh_2, InterVehicleMsg{,30, 3360,  41.632382935740885,  -71.0077086334615, Road CLOSED, Latitude= 41.632135094425045, Longitude= -71.00787372875692,  (at simulation time 464.002,400,  (at simulation time 464.004,300
2023-11-20 22:22:37,848 INFO  - ,Broadcast V2X Message from ,rsu_2,veh_2, InterVehicleMsg{,30, 3361,  41.632382935740885,  -71.0077086334615, Road CLOSED, Latitude= 41.632135094425045, Longitude= -71.00787372875692,  (at simulation time 464.101,900,  (at simulation time 464.103,300
2023-11-20 22:22:37,848 INFO  - ,Broadcast V2X Message from ,rsu_2,veh_2, InterVehicleMsg{,30, 3362,  41.632382935740885,  -71.0077086334615, Road CLOSED, Latitude= 41.632135094425045, Longitude= -71.00787372875692,  (at simulation time 464.201,900,  (at simulation time 464.203,800
2023-11-20 22:22:37,848 INFO  - ,Broadcast V2X Message from ,rsu_2,veh_2, InterVehicleMsg{,30, 3363,  41.632382935740885,  -71.0077086334615, Road CLOSED, Latitude= 41.632135094425045, Longitude= -71.00787372875692,  (at simulation time 464.300,400,  (at simulation time 464.301,300
2023-11-20 22:22:37,848 INFO  - ,Broadcast V2X Message from ,rsu_2,veh_2, InterVehicleMsg{,30, 3364,  41.632382935740885,  -71.0077086334615, Road CLOSED, Latitude= 41.632135094425045, Longitude= -71.00787372875692,  (at simulation time 464.401,900,  (at simulation time 464.403,800
2023-11-20 22:22:37,848 INFO  - ,Broadcast V2X Message from ,rsu_2,veh_2, InterVehicleMsg{,30, 3365,  41.632382935740885,  -71.0077086334615, Road CLOSED, Latitude= 41.632135094425045, Longitude= -71.00787372875692,  (at simulation time 464.500,400,  (at simulation time 464.501,300
2023-11-20 22:22:37,848 INFO  - ,Broadcast V2X Message from ,rsu_2,veh_2, InterVehicleMsg{,30, 3366,  41.632382935740885,  -71.0077086334615, Road CLOSED, Latitude= 41.632135094425045, Longitude= -71.00787372875692,  (at simulation time 464.600,900,  (at simulation time 464.602,800
2023-11-20 22:22:37,848 INFO  - ,Broadcast V2X Message from ,rsu_2,veh_2, InterVehicleMsg{,30, 3367,  41.632382935740885,  -71.0077086334615, Road CLOSED, Latitude= 41.632135094425045, Longitude= -71.00787372875692,  (at simulation time 464.700,900,  (at simulation time 464.702,300
2023-11-20 22:22:37,848 INFO  - ,Broadcast V2X Message from ,rsu_2,veh_2, InterVehicleMsg{,30, 3368,  41.632382935740885,  -71.0077086334615, Road CLOSED, Latitude= 41.632135094425045, Longitude= -71.00787372875692,  (at simulation time 464.802,400,  (at simulation time 464.804,800
2023-11-20 22:22:37,848 INFO  - ,Broadcast V2X Message from ,rsu_2,veh_2, InterVehicleMsg{,30, 3369,  41.632382935740885,  -71.0077086334615, Road CLOSED, Latitude= 41.632135094425045, Longitude= -71.00787372875692,  (at simulation time 464.901,400,  (at simulation time 464.902,300
2023-11-20 22:22:37,848 INFO  - ,Broadcast V2X Message from ,rsu_2,veh_2, InterVehicleMsg{,30, 3370,  41.632382935740885,  -71.0077086334615, Road CLOSED, Latitude= 41.632164238854685, Longitude= -71.0078090039456,  (at simulation time 465.001,900,  (at simulation time 465.002,300
2023-11-20 22:22:37,848 INFO  - ,Broadcast V2X Message from ,rsu_2,veh_2, InterVehicleMsg{,30, 3371,  41.632382935740885,  -71.0077086334615, Road CLOSED, Latitude= 41.632164238854685, Longitude= -71.0078090039456,  (at simulation time 465.101,400,  (at simulation time 465.102,300
2023-11-20 22:22:37,848 INFO  - ,Broadcast V2X Message from ,rsu_2,veh_2, InterVehicleMsg{,30, 3372,  41.632382935740885,  -71.0077086334615, Road CLOSED, Latitude= 41.632164238854685, Longitude= -71.0078090039456,  (at simulation time 465.201,400,  (at simulation time 465.202,800
2023-11-20 22:22:37,848 INFO  - ,Broadcast V2X Message from ,rsu_2,veh_2, InterVehicleMsg{,30, 3373,  41.632382935740885,  -71.0077086334615, Road CLOSED, Latitude= 41.632164238854685, Longitude= -71.0078090039456,  (at simulation time 465.302,400,  (at simulation time 465.303,800
2023-11-20 22:22:37,848 INFO  - ,Broadcast V2X Message from ,rsu_2,veh_2, InterVehicleMsg{,30, 3374,  41.632382935740885,  -71.0077086334615, Road CLOSED, Latitude= 41.632164238854685, Longitude= -71.0078090039456,  (at simulation time 465.400,900,  (at simulation time 465.402,300
2023-11-20 22:22:37,848 INFO  - ,Broadcast V2X Message from ,rsu_2,veh_2, InterVehicleMsg{,30, 3375,  41.632382935740885,  -71.0077086334615, Road CLOSED, Latitude= 41.632164238854685, Longitude= -71.0078090039456,  (at simulation time 465.502,400,  (at simulation time 465.504,300
2023-11-20 22:22:37,848 INFO  - ,Broadcast V2X Message from ,rsu_2,veh_2, InterVehicleMsg{,30, 3376,  41.632382935740885,  -71.0077086334615, Road CLOSED, Latitude= 41.632164238854685, Longitude= -71.0078090039456,  (at simulation time 465.600,900,  (at simulation time 465.602,300
2023-11-20 22:22:37,848 INFO  - ,Broadcast V2X Message from ,rsu_2,veh_2, InterVehicleMsg{,30, 3377,  41.632382935740885,  -71.0077086334615, Road CLOSED, Latitude= 41.632164238854685, Longitude= -71.0078090039456,  (at simulation time 465.700,400,  (at simulation time 465.700,800
2023-11-20 22:22:37,848 INFO  - ,Broadcast V2X Message from ,rsu_2,veh_2, InterVehicleMsg{,30, 3378,  41.632382935740885,  -71.0077086334615, Road CLOSED, Latitude= 41.632164238854685, Longitude= -71.0078090039456,  (at simulation time 465.801,900,  (at simulation time 465.803,300
2023-11-20 22:22:37,848 INFO  - ,Broadcast V2X Message from ,rsu_2,veh_2, InterVehicleMsg{,30, 3379,  41.632382935740885,  -71.0077086334615, Road CLOSED, Latitude= 41.632164238854685, Longitude= -71.0078090039456,  (at simulation time 465.901,400,  (at simulation time 465.903,800
2023-11-20 22:22:37,848 INFO  - ,Broadcast V2X Message from ,rsu_2,veh_2, InterVehicleMsg{,30, 3380,  41.632382935740885,  -71.0077086334615, Road CLOSED, Latitude= 41.63219872642988, Longitude= -71.0077324127407,  (at simulation time 466.001,900,  (at simulation time 466.002,300
2023-11-20 22:22:37,848 INFO  - ,Broadcast V2X Message from ,rsu_2,veh_2, InterVehicleMsg{,30, 3381,  41.632382935740885,  -71.0077086334615, Road CLOSED, Latitude= 41.63219872642988, Longitude= -71.0077324127407,  (at simulation time 466.100,900,  (at simulation time 466.102,300
2023-11-20 22:22:37,848 INFO  - ,Broadcast V2X Message from ,rsu_2,veh_2, InterVehicleMsg{,30, 3382,  41.632382935740885,  -71.0077086334615, Road CLOSED, Latitude= 41.63219872642988, Longitude= -71.0077324127407,  (at simulation time 466.201,900,  (at simulation time 466.202,800
2023-11-20 22:22:37,848 INFO  - ,Broadcast V2X Message from ,rsu_2,veh_2, InterVehicleMsg{,30, 3383,  41.632382935740885,  -71.0077086334615, Road CLOSED, Latitude= 41.63219872642988, Longitude= -71.0077324127407,  (at simulation time 466.302,400,  (at simulation time 466.303,800
2023-11-20 22:22:37,848 INFO  - ,Broadcast V2X Message from ,rsu_2,veh_2, InterVehicleMsg{,30, 3384,  41.632382935740885,  -71.0077086334615, Road CLOSED, Latitude= 41.63219872642988, Longitude= -71.0077324127407,  (at simulation time 466.400,400,  (at simulation time 466.402,800
2023-11-20 22:22:37,848 INFO  - ,Broadcast V2X Message from ,rsu_2,veh_2, InterVehicleMsg{,30, 3385,  41.632382935740885,  -71.0077086334615, Road CLOSED, Latitude= 41.63219872642988, Longitude= -71.0077324127407,  (at simulation time 466.501,900,  (at simulation time 466.504,300
2023-11-20 22:22:37,848 INFO  - ,Broadcast V2X Message from ,rsu_2,veh_2, InterVehicleMsg{,30, 3386,  41.632382935740885,  -71.0077086334615, Road CLOSED, Latitude= 41.63219872642988, Longitude= -71.0077324127407,  (at simulation time 466.600,900,  (at simulation time 466.601,800
2023-11-20 22:22:37,848 INFO  - ,Broadcast V2X Message from ,rsu_2,veh_2, InterVehicleMsg{,30, 3387,  41.632382935740885,  -71.0077086334615, Road CLOSED, Latitude= 41.63219872642988, Longitude= -71.0077324127407,  (at simulation time 466.701,900,  (at simulation time 466.702,800
2023-11-20 22:22:37,848 INFO  - ,Broadcast V2X Message from ,rsu_2,veh_2, InterVehicleMsg{,30, 3388,  41.632382935740885,  -71.0077086334615, Road CLOSED, Latitude= 41.63219872642988, Longitude= -71.0077324127407,  (at simulation time 466.801,400,  (at simulation time 466.801,800
2023-11-20 22:22:37,848 INFO  - ,Broadcast V2X Message from ,rsu_2,veh_2, InterVehicleMsg{,30, 3389,  41.632382935740885,  -71.0077086334615, Road CLOSED, Latitude= 41.63219872642988, Longitude= -71.0077324127407,  (at simulation time 466.901,400,  (at simulation time 466.902,300
2023-11-20 22:22:37,848 INFO  - ,Broadcast V2X Message from ,rsu_2,veh_2, InterVehicleMsg{,30, 3390,  41.632382935740885,  -71.0077086334615, Road CLOSED, Latitude= 41.63223264961647, Longitude= -71.0076570747615,  (at simulation time 467.002,400,  (at simulation time 467.004,300
2023-11-20 22:22:37,848 INFO  - ,Broadcast V2X Message from ,rsu_2,veh_2, InterVehicleMsg{,30, 3391,  41.632382935740885,  -71.0077086334615, Road CLOSED, Latitude= 41.63223264961647, Longitude= -71.0076570747615,  (at simulation time 467.101,400,  (at simulation time 467.103,300
2023-11-20 22:22:37,848 INFO  - ,Broadcast V2X Message from ,rsu_2,veh_2, InterVehicleMsg{,30, 3392,  41.632382935740885,  -71.0077086334615, Road CLOSED, Latitude= 41.63223264961647, Longitude= -71.0076570747615,  (at simulation time 467.202,400,  (at simulation time 467.204,300
2023-11-20 22:22:37,848 INFO  - ,Broadcast V2X Message from ,rsu_2,veh_2, InterVehicleMsg{,30, 3393,  41.632382935740885,  -71.0077086334615, Road CLOSED, Latitude= 41.63223264961647, Longitude= -71.0076570747615,  (at simulation time 467.302,400,  (at simulation time 467.303,300
2023-11-20 22:22:37,848 INFO  - ,Broadcast V2X Message from ,rsu_2,veh_2, InterVehicleMsg{,30, 3394,  41.632382935740885,  -71.0077086334615, Road CLOSED, Latitude= 41.63223264961647, Longitude= -71.0076570747615,  (at simulation time 467.400,900,  (at simulation time 467.402,300
2023-11-20 22:22:37,848 INFO  - ,Broadcast V2X Message from ,rsu_2,veh_2, InterVehicleMsg{,30, 3395,  41.632382935740885,  -71.0077086334615, Road CLOSED, Latitude= 41.63223264961647, Longitude= -71.0076570747615,  (at simulation time 467.500,900,  (at simulation time 467.502,800
2023-11-20 22:22:37,848 INFO  - ,Broadcast V2X Message from ,rsu_2,veh_2, InterVehicleMsg{,30, 3396,  41.632382935740885,  -71.0077086334615, Road CLOSED, Latitude= 41.63223264961647, Longitude= -71.0076570747615,  (at simulation time 467.602,400,  (at simulation time 467.604,800
2023-11-20 22:22:37,848 INFO  - ,Broadcast V2X Message from ,rsu_2,veh_2, InterVehicleMsg{,30, 3397,  41.632382935740885,  -71.0077086334615, Road CLOSED, Latitude= 41.63223264961647, Longitude= -71.0076570747615,  (at simulation time 467.700,400,  (at simulation time 467.702,800
2023-11-20 22:22:37,848 INFO  - ,Broadcast V2X Message from ,rsu_2,veh_2, InterVehicleMsg{,30, 3398,  41.632382935740885,  -71.0077086334615, Road CLOSED, Latitude= 41.63223264961647, Longitude= -71.0076570747615,  (at simulation time 467.802,400,  (at simulation time 467.804,300
2023-11-20 22:22:37,848 INFO  - ,Broadcast V2X Message from ,rsu_2,veh_2, InterVehicleMsg{,30, 3399,  41.632382935740885,  -71.0077086334615, Road CLOSED, Latitude= 41.63223264961647, Longitude= -71.0076570747615,  (at simulation time 467.900,900,  (at simulation time 467.902,800
2023-11-20 22:22:37,858 INFO  - ,Broadcast V2X Message from ,rsu_2,veh_2, InterVehicleMsg{,30, 3400,  41.632382935740885,  -71.0077086334615, Road CLOSED, Latitude= 41.63226622494075, Longitude= -71.00758250914528,  (at simulation time 468.001,400,  (at simulation time 468.001,800
2023-11-20 22:22:37,859 INFO  - ,Broadcast V2X Message from ,rsu_2,veh_2, InterVehicleMsg{,30, 3401,  41.632382935740885,  -71.0077086334615, Road CLOSED, Latitude= 41.63226622494075, Longitude= -71.00758250914528,  (at simulation time 468.101,900,  (at simulation time 468.102,800
2023-11-20 22:22:37,859 INFO  - ,Broadcast V2X Message from ,rsu_2,veh_2, InterVehicleMsg{,30, 3402,  41.632382935740885,  -71.0077086334615, Road CLOSED, Latitude= 41.63226622494075, Longitude= -71.00758250914528,  (at simulation time 468.200,400,  (at simulation time 468.201,300
2023-11-20 22:22:37,860 INFO  - ,Broadcast V2X Message from ,rsu_2,veh_2, InterVehicleMsg{,30, 3403,  41.632382935740885,  -71.0077086334615, Road CLOSED, Latitude= 41.63226622494075, Longitude= -71.00758250914528,  (at simulation time 468.301,900,  (at simulation time 468.304,300
2023-11-20 22:22:37,860 INFO  - ,Broadcast V2X Message from ,rsu_2,veh_2, InterVehicleMsg{,30, 3404,  41.632382935740885,  -71.0077086334615, Road CLOSED, Latitude= 41.63226622494075, Longitude= -71.00758250914528,  (at simulation time 468.402,400,  (at simulation time 468.403,800
2023-11-20 22:22:37,860 INFO  - ,Broadcast V2X Message from ,rsu_2,veh_2, InterVehicleMsg{,30, 3405,  41.632382935740885,  -71.0077086334615, Road CLOSED, Latitude= 41.63226622494075, Longitude= -71.00758250914528,  (at simulation time 468.501,900,  (at simulation time 468.504,300
2023-11-20 22:22:37,860 INFO  - ,Broadcast V2X Message from ,rsu_2,veh_2, InterVehicleMsg{,30, 3406,  41.632382935740885,  -71.0077086334615, Road CLOSED, Latitude= 41.63226622494075, Longitude= -71.00758250914528,  (at simulation time 468.602,400,  (at simulation time 468.603,800
2023-11-20 22:22:37,860 INFO  - ,Broadcast V2X Message from ,rsu_2,veh_2, InterVehicleMsg{,30, 3407,  41.632382935740885,  -71.0077086334615, Road CLOSED, Latitude= 41.63226622494075, Longitude= -71.00758250914528,  (at simulation time 468.701,400,  (at simulation time 468.703,300
2023-11-20 22:22:37,860 INFO  - ,Broadcast V2X Message from ,rsu_2,veh_2, InterVehicleMsg{,30, 3408,  41.632382935740885,  -71.0077086334615, Road CLOSED, Latitude= 41.63226622494075, Longitude= -71.00758250914528,  (at simulation time 468.802,400,  (at simulation time 468.804,800
2023-11-20 22:22:37,860 INFO  - ,Broadcast V2X Message from ,rsu_2,veh_2, InterVehicleMsg{,30, 3409,  41.632382935740885,  -71.0077086334615, Road CLOSED, Latitude= 41.63226622494075, Longitude= -71.00758250914528,  (at simulation time 468.902,400,  (at simulation time 468.903,300
2023-11-20 22:22:37,860 INFO  - ,Broadcast V2X Message from ,rsu_2,veh_2, InterVehicleMsg{,30, 3410,  41.632382935740885,  -71.0077086334615, Road CLOSED, Latitude= 41.632293453777784, Longitude= -71.00752203796405,  (at simulation time 469.001,400,  (at simulation time 469.003,800
2023-11-20 22:22:37,860 INFO  - ,Broadcast V2X Message from ,rsu_2,veh_2, InterVehicleMsg{,30, 3411,  41.632382935740885,  -71.0077086334615, Road CLOSED, Latitude= 41.632293453777784, Longitude= -71.00752203796405,  (at simulation time 469.100,900,  (at simulation time 469.101,800
2023-11-20 22:22:37,860 INFO  - ,Broadcast V2X Message from ,rsu_2,veh_2, InterVehicleMsg{,30, 3412,  41.632382935740885,  -71.0077086334615, Road CLOSED, Latitude= 41.632293453777784, Longitude= -71.00752203796405,  (at simulation time 469.201,900,  (at simulation time 469.202,800
2023-11-20 22:22:37,860 INFO  - ,Broadcast V2X Message from ,rsu_2,veh_2, InterVehicleMsg{,30, 3413,  41.632382935740885,  -71.0077086334615, Road CLOSED, Latitude= 41.632293453777784, Longitude= -71.00752203796405,  (at simulation time 469.300,900,  (at simulation time 469.301,300
2023-11-20 22:22:37,860 INFO  - ,Broadcast V2X Message from ,rsu_2,veh_2, InterVehicleMsg{,30, 3414,  41.632382935740885,  -71.0077086334615, Road CLOSED, Latitude= 41.632293453777784, Longitude= -71.00752203796405,  (at simulation time 469.401,400,  (at simulation time 469.402,300
2023-11-20 22:22:37,860 INFO  - ,Broadcast V2X Message from ,rsu_2,veh_2, InterVehicleMsg{,30, 3415,  41.632382935740885,  -71.0077086334615, Road CLOSED, Latitude= 41.632293453777784, Longitude= -71.00752203796405,  (at simulation time 469.500,400,  (at simulation time 469.501,800
2023-11-20 22:22:37,860 INFO  - ,Broadcast V2X Message from ,rsu_2,veh_2, InterVehicleMsg{,30, 3416,  41.632382935740885,  -71.0077086334615, Road CLOSED, Latitude= 41.632293453777784, Longitude= -71.00752203796405,  (at simulation time 469.600,400,  (at simulation time 469.601,800
2023-11-20 22:22:37,860 INFO  - ,Broadcast V2X Message from ,rsu_2,veh_2, InterVehicleMsg{,30, 3417,  41.632382935740885,  -71.0077086334615, Road CLOSED, Latitude= 41.632293453777784, Longitude= -71.00752203796405,  (at simulation time 469.700,900,  (at simulation time 469.702,800
2023-11-20 22:22:37,860 INFO  - ,Broadcast V2X Message from ,rsu_2,veh_2, InterVehicleMsg{,30, 3418,  41.632382935740885,  -71.0077086334615, Road CLOSED, Latitude= 41.632293453777784, Longitude= -71.00752203796405,  (at simulation time 469.802,400,  (at simulation time 469.804,800
2023-11-20 22:22:37,860 INFO  - ,Broadcast V2X Message from ,rsu_2,veh_2, InterVehicleMsg{,30, 3419,  41.632382935740885,  -71.0077086334615, Road CLOSED, Latitude= 41.632293453777784, Longitude= -71.00752203796405,  (at simulation time 469.901,400,  (at simulation time 469.903,300
2023-11-20 22:22:37,860 INFO  - ,Broadcast V2X Message from ,rsu_2,veh_2, InterVehicleMsg{,30, 3420,  41.632382935740885,  -71.0077086334615, Road CLOSED, Latitude= 41.63232481701528, Longitude= -71.00745238474781,  (at simulation time 470.002,400,  (at simulation time 470.003,800
2023-11-20 22:22:37,860 INFO  - ,Broadcast V2X Message from ,rsu_2,veh_2, InterVehicleMsg{,30, 3421,  41.632382935740885,  -71.0077086334615, Road CLOSED, Latitude= 41.63232481701528, Longitude= -71.00745238474781,  (at simulation time 470.102,400,  (at simulation time 470.104,800
2023-11-20 22:22:37,860 INFO  - ,Broadcast V2X Message from ,rsu_2,veh_2, InterVehicleMsg{,30, 3422,  41.632382935740885,  -71.0077086334615, Road CLOSED, Latitude= 41.63232481701528, Longitude= -71.00745238474781,  (at simulation time 470.201,400,  (at simulation time 470.202,300
2023-11-20 22:22:37,860 INFO  - ,Broadcast V2X Message from ,rsu_2,veh_2, InterVehicleMsg{,30, 3423,  41.632382935740885,  -71.0077086334615, Road CLOSED, Latitude= 41.63232481701528, Longitude= -71.00745238474781,  (at simulation time 470.302,400,  (at simulation time 470.304,800
2023-11-20 22:22:37,860 INFO  - ,Broadcast V2X Message from ,rsu_2,veh_2, InterVehicleMsg{,30, 3424,  41.632382935740885,  -71.0077086334615, Road CLOSED, Latitude= 41.63232481701528, Longitude= -71.00745238474781,  (at simulation time 470.400,900,  (at simulation time 470.402,800
2023-11-20 22:22:37,860 INFO  - ,Broadcast V2X Message from ,rsu_2,veh_2, InterVehicleMsg{,30, 3425,  41.632382935740885,  -71.0077086334615, Road CLOSED, Latitude= 41.63232481701528, Longitude= -71.00745238474781,  (at simulation time 470.500,400,  (at simulation time 470.501,800
2023-11-20 22:22:37,860 INFO  - ,Broadcast V2X Message from ,rsu_2,veh_2, InterVehicleMsg{,30, 3426,  41.632382935740885,  -71.0077086334615, Road CLOSED, Latitude= 41.63232481701528, Longitude= -71.00745238474781,  (at simulation time 470.602,400,  (at simulation time 470.604,800
2023-11-20 22:22:37,860 INFO  - ,Broadcast V2X Message from ,rsu_2,veh_2, InterVehicleMsg{,30, 3427,  41.632382935740885,  -71.0077086334615, Road CLOSED, Latitude= 41.63232481701528, Longitude= -71.00745238474781,  (at simulation time 470.701,400,  (at simulation time 470.702,800
2023-11-20 22:22:37,860 INFO  - ,Broadcast V2X Message from ,rsu_2,veh_2, InterVehicleMsg{,30, 3428,  41.632382935740885,  -71.0077086334615, Road CLOSED, Latitude= 41.63232481701528, Longitude= -71.00745238474781,  (at simulation time 470.800,400,  (at simulation time 470.801,800
2023-11-20 22:22:37,860 INFO  - ,Broadcast V2X Message from ,rsu_2,veh_2, InterVehicleMsg{,30, 3429,  41.632382935740885,  -71.0077086334615, Road CLOSED, Latitude= 41.63232481701528, Longitude= -71.00745238474781,  (at simulation time 470.902,400,  (at simulation time 470.902,800
2023-11-20 22:22:37,860 INFO  - ,Broadcast V2X Message from ,rsu_2,veh_2, InterVehicleMsg{,30, 3430,  41.632382935740885,  -71.0077086334615, Road CLOSED, Latitude= 41.632358750853264, Longitude= -71.0073770224199,  (at simulation time 471.001,900,  (at simulation time 471.002,300
2023-11-20 22:22:37,860 INFO  - ,Broadcast V2X Message from ,rsu_2,veh_2, InterVehicleMsg{,30, 3431,  41.632382935740885,  -71.0077086334615, Road CLOSED, Latitude= 41.632358750853264, Longitude= -71.0073770224199,  (at simulation time 471.101,400,  (at simulation time 471.101,800
2023-11-20 22:22:37,860 INFO  - ,Broadcast V2X Message from ,rsu_2,veh_2, InterVehicleMsg{,30, 3432,  41.632382935740885,  -71.0077086334615, Road CLOSED, Latitude= 41.632358750853264, Longitude= -71.0073770224199,  (at simulation time 471.201,400,  (at simulation time 471.202,800
2023-11-20 22:22:37,860 INFO  - ,Broadcast V2X Message from ,rsu_2,veh_2, InterVehicleMsg{,30, 3433,  41.632382935740885,  -71.0077086334615, Road CLOSED, Latitude= 41.632358750853264, Longitude= -71.0073770224199,  (at simulation time 471.301,900,  (at simulation time 471.303,800
2023-11-20 22:22:37,860 INFO  - ,Broadcast V2X Message from ,rsu_2,veh_2, InterVehicleMsg{,30, 3434,  41.632382935740885,  -71.0077086334615, Road CLOSED, Latitude= 41.632358750853264, Longitude= -71.0073770224199,  (at simulation time 471.401,900,  (at simulation time 471.404,300
2023-11-20 22:22:37,860 INFO  - ,Broadcast V2X Message from ,rsu_2,veh_2, InterVehicleMsg{,30, 3435,  41.632382935740885,  -71.0077086334615, Road CLOSED, Latitude= 41.632358750853264, Longitude= -71.0073770224199,  (at simulation time 471.501,400,  (at simulation time 471.502,800
2023-11-20 22:22:37,860 INFO  - ,Broadcast V2X Message from ,rsu_2,veh_2, InterVehicleMsg{,30, 3436,  41.632382935740885,  -71.0077086334615, Road CLOSED, Latitude= 41.632358750853264, Longitude= -71.0073770224199,  (at simulation time 471.601,400,  (at simulation time 471.603,800
2023-11-20 22:22:37,860 INFO  - ,Broadcast V2X Message from ,rsu_2,veh_2, InterVehicleMsg{,30, 3437,  41.632382935740885,  -71.0077086334615, Road CLOSED, Latitude= 41.632358750853264, Longitude= -71.0073770224199,  (at simulation time 471.701,900,  (at simulation time 471.702,300
2023-11-20 22:22:37,860 INFO  - ,Broadcast V2X Message from ,rsu_2,veh_2, InterVehicleMsg{,30, 3438,  41.632382935740885,  -71.0077086334615, Road CLOSED, Latitude= 41.632358750853264, Longitude= -71.0073770224199,  (at simulation time 471.801,900,  (at simulation time 471.804,300
2023-11-20 22:22:37,860 INFO  - ,Broadcast V2X Message from ,rsu_2,veh_2, InterVehicleMsg{,30, 3439,  41.632382935740885,  -71.0077086334615, Road CLOSED, Latitude= 41.632358750853264, Longitude= -71.0073770224199,  (at simulation time 471.901,900,  (at simulation time 471.902,800
2023-11-20 22:22:37,860 INFO  - ,Broadcast V2X Message from ,rsu_2,veh_2, InterVehicleMsg{,30, 3440,  41.632382935740885,  -71.0077086334615, Road CLOSED, Latitude= 41.632387934574, Longitude= -71.00731220929156,  (at simulation time 472.001,900,  (at simulation time 472.002,800
2023-11-20 22:22:37,860 INFO  - ,Broadcast V2X Message from ,rsu_2,veh_2, InterVehicleMsg{,30, 3441,  41.632382935740885,  -71.0077086334615, Road CLOSED, Latitude= 41.632387934574, Longitude= -71.00731220929156,  (at simulation time 472.100,900,  (at simulation time 472.103,300
2023-11-20 22:22:37,860 INFO  - ,Broadcast V2X Message from ,rsu_2,veh_2, InterVehicleMsg{,30, 3442,  41.632382935740885,  -71.0077086334615, Road CLOSED, Latitude= 41.632387934574, Longitude= -71.00731220929156,  (at simulation time 472.200,900,  (at simulation time 472.202,300
2023-11-20 22:22:37,860 INFO  - ,Broadcast V2X Message from ,rsu_2,veh_2, InterVehicleMsg{,30, 3443,  41.632382935740885,  -71.0077086334615, Road CLOSED, Latitude= 41.632387934574, Longitude= -71.00731220929156,  (at simulation time 472.300,900,  (at simulation time 472.301,300
2023-11-20 22:22:37,860 INFO  - ,Broadcast V2X Message from ,rsu_2,veh_2, InterVehicleMsg{,30, 3444,  41.632382935740885,  -71.0077086334615, Road CLOSED, Latitude= 41.632387934574, Longitude= -71.00731220929156,  (at simulation time 472.402,400,  (at simulation time 472.404,800
2023-11-20 22:22:37,860 INFO  - ,Broadcast V2X Message from ,rsu_2,veh_2, InterVehicleMsg{,30, 3445,  41.632382935740885,  -71.0077086334615, Road CLOSED, Latitude= 41.632387934574, Longitude= -71.00731220929156,  (at simulation time 472.500,400,  (at simulation time 472.501,800
2023-11-20 22:22:37,860 INFO  - ,Broadcast V2X Message from ,rsu_2,veh_2, InterVehicleMsg{,30, 3446,  41.632382935740885,  -71.0077086334615, Road CLOSED, Latitude= 41.632387934574, Longitude= -71.00731220929156,  (at simulation time 472.600,900,  (at simulation time 472.601,800
2023-11-20 22:22:37,860 INFO  - ,Broadcast V2X Message from ,rsu_2,veh_2, InterVehicleMsg{,30, 3447,  41.632382935740885,  -71.0077086334615, Road CLOSED, Latitude= 41.632387934574, Longitude= -71.00731220929156,  (at simulation time 472.700,400,  (at simulation time 472.702,300
2023-11-20 22:22:37,860 INFO  - ,Broadcast V2X Message from ,rsu_2,veh_2, InterVehicleMsg{,30, 3448,  41.632382935740885,  -71.0077086334615, Road CLOSED, Latitude= 41.632387934574, Longitude= -71.00731220929156,  (at simulation time 472.800,900,  (at simulation time 472.801,300
2023-11-20 22:22:37,860 INFO  - ,Broadcast V2X Message from ,rsu_2,veh_2, InterVehicleMsg{,30, 3449,  41.632382935740885,  -71.0077086334615, Road CLOSED, Latitude= 41.632387934574, Longitude= -71.00731220929156,  (at simulation time 472.902,400,  (at simulation time 472.904,800
2023-11-20 22:22:37,860 INFO  - ,Broadcast V2X Message from ,rsu_2,veh_2, InterVehicleMsg{,30, 3450,  41.632382935740885,  -71.0077086334615, Road CLOSED, Latitude= 41.63242054708633, Longitude= -71.00723978111371,  (at simulation time 473.000,400,  (at simulation time 473.001,300
2023-11-20 22:22:37,860 INFO  - ,Broadcast V2X Message from ,rsu_2,veh_2, InterVehicleMsg{,30, 3451,  41.632382935740885,  -71.0077086334615, Road CLOSED, Latitude= 41.63242054708633, Longitude= -71.00723978111371,  (at simulation time 473.101,900,  (at simulation time 473.103,300
2023-11-20 22:22:37,860 INFO  - ,Broadcast V2X Message from ,rsu_2,veh_2, InterVehicleMsg{,30, 3452,  41.632382935740885,  -71.0077086334615, Road CLOSED, Latitude= 41.63242054708633, Longitude= -71.00723978111371,  (at simulation time 473.202,400,  (at simulation time 473.203,300
2023-11-20 22:22:37,860 INFO  - ,Broadcast V2X Message from ,rsu_2,veh_2, InterVehicleMsg{,30, 3453,  41.632382935740885,  -71.0077086334615, Road CLOSED, Latitude= 41.63242054708633, Longitude= -71.00723978111371,  (at simulation time 473.301,400,  (at simulation time 473.303,800
2023-11-20 22:22:37,860 INFO  - ,Broadcast V2X Message from ,rsu_2,veh_2, InterVehicleMsg{,30, 3454,  41.632382935740885,  -71.0077086334615, Road CLOSED, Latitude= 41.63242054708633, Longitude= -71.00723978111371,  (at simulation time 473.400,400,  (at simulation time 473.402,800
2023-11-20 22:22:37,860 INFO  - ,Broadcast V2X Message from ,rsu_2,veh_2, InterVehicleMsg{,30, 3455,  41.632382935740885,  -71.0077086334615, Road CLOSED, Latitude= 41.63242054708633, Longitude= -71.00723978111371,  (at simulation time 473.500,900,  (at simulation time 473.501,300
2023-11-20 22:22:37,860 INFO  - ,Broadcast V2X Message from ,rsu_2,veh_2, InterVehicleMsg{,30, 3456,  41.632382935740885,  -71.0077086334615, Road CLOSED, Latitude= 41.63242054708633, Longitude= -71.00723978111371,  (at simulation time 473.601,400,  (at simulation time 473.603,800
2023-11-20 22:22:37,860 INFO  - ,Broadcast V2X Message from ,rsu_2,veh_2, InterVehicleMsg{,30, 3457,  41.632382935740885,  -71.0077086334615, Road CLOSED, Latitude= 41.63242054708633, Longitude= -71.00723978111371,  (at simulation time 473.700,900,  (at simulation time 473.702,800
2023-11-20 22:22:37,860 INFO  - ,Broadcast V2X Message from ,rsu_2,veh_2, InterVehicleMsg{,30, 3458,  41.632382935740885,  -71.0077086334615, Road CLOSED, Latitude= 41.63242054708633, Longitude= -71.00723978111371,  (at simulation time 473.800,400,  (at simulation time 473.802,800
2023-11-20 22:22:37,860 INFO  - ,Broadcast V2X Message from ,rsu_2,veh_2, InterVehicleMsg{,30, 3459,  41.632382935740885,  -71.0077086334615, Road CLOSED, Latitude= 41.63242054708633, Longitude= -71.00723978111371,  (at simulation time 473.901,400,  (at simulation time 473.903,300
2023-11-20 22:22:37,860 INFO  - ,Broadcast V2X Message from ,rsu_2,veh_2, InterVehicleMsg{,30, 3460,  41.632382935740885,  -71.0077086334615, Road CLOSED, Latitude= 41.632449599276626, Longitude= -71.00717525980605,  (at simulation time 474.000,400,  (at simulation time 474.001,300
2023-11-20 22:22:37,860 INFO  - ,Broadcast V2X Message from ,rsu_2,veh_2, InterVehicleMsg{,30, 3461,  41.632382935740885,  -71.0077086334615, Road CLOSED, Latitude= 41.632449599276626, Longitude= -71.00717525980605,  (at simulation time 474.101,900,  (at simulation time 474.103,300
2023-11-20 22:22:37,860 INFO  - ,Broadcast V2X Message from ,rsu_2,veh_2, InterVehicleMsg{,30, 3462,  41.632382935740885,  -71.0077086334615, Road CLOSED, Latitude= 41.632449599276626, Longitude= -71.00717525980605,  (at simulation time 474.200,400,  (at simulation time 474.200,800
2023-11-20 22:22:37,860 INFO  - ,Broadcast V2X Message from ,rsu_2,veh_2, InterVehicleMsg{,30, 3463,  41.632382935740885,  -71.0077086334615, Road CLOSED, Latitude= 41.632449599276626, Longitude= -71.00717525980605,  (at simulation time 474.301,400,  (at simulation time 474.302,300
2023-11-20 22:22:37,860 INFO  - ,Broadcast V2X Message from ,rsu_2,veh_2, InterVehicleMsg{,30, 3464,  41.632382935740885,  -71.0077086334615, Road CLOSED, Latitude= 41.632449599276626, Longitude= -71.00717525980605,  (at simulation time 474.401,900,  (at simulation time 474.402,300
2023-11-20 22:22:37,860 INFO  - ,Broadcast V2X Message from ,rsu_2,veh_2, InterVehicleMsg{,30, 3465,  41.632382935740885,  -71.0077086334615, Road CLOSED, Latitude= 41.632449599276626, Longitude= -71.00717525980605,  (at simulation time 474.501,400,  (at simulation time 474.503,800
2023-11-20 22:22:37,860 INFO  - ,Broadcast V2X Message from ,rsu_2,veh_2, InterVehicleMsg{,30, 3466,  41.632382935740885,  -71.0077086334615, Road CLOSED, Latitude= 41.632449599276626, Longitude= -71.00717525980605,  (at simulation time 474.602,400,  (at simulation time 474.603,300
2023-11-20 22:22:37,860 INFO  - ,Broadcast V2X Message from ,rsu_2,veh_2, InterVehicleMsg{,30, 3467,  41.632382935740885,  -71.0077086334615, Road CLOSED, Latitude= 41.632449599276626, Longitude= -71.00717525980605,  (at simulation time 474.701,400,  (at simulation time 474.701,800
2023-11-20 22:22:37,860 INFO  - ,Broadcast V2X Message from ,rsu_2,veh_2, InterVehicleMsg{,30, 3468,  41.632382935740885,  -71.0077086334615, Road CLOSED, Latitude= 41.632449599276626, Longitude= -71.00717525980605,  (at simulation time 474.801,900,  (at simulation time 474.802,800
2023-11-20 22:22:37,860 INFO  - ,Broadcast V2X Message from ,rsu_2,veh_2, InterVehicleMsg{,30, 3469,  41.632382935740885,  -71.0077086334615, Road CLOSED, Latitude= 41.632449599276626, Longitude= -71.00717525980605,  (at simulation time 474.902,400,  (at simulation time 474.902,800
2023-11-20 22:22:37,860 INFO  - ,Broadcast V2X Message from ,rsu_2,veh_2, InterVehicleMsg{,30, 3470,  41.632382935740885,  -71.0077086334615, Road CLOSED, Latitude= 41.63247771452891, Longitude= -71.00711281919112,  (at simulation time 475.001,400,  (at simulation time 475.002,300
2023-11-20 22:22:37,860 INFO  - ,Broadcast V2X Message from ,rsu_2,veh_2, InterVehicleMsg{,30, 3471,  41.632382935740885,  -71.0077086334615, Road CLOSED, Latitude= 41.63247771452891, Longitude= -71.00711281919112,  (at simulation time 475.100,400,  (at simulation time 475.102,800
2023-11-20 22:22:37,860 INFO  - ,Broadcast V2X Message from ,rsu_2,veh_2, InterVehicleMsg{,30, 3472,  41.632382935740885,  -71.0077086334615, Road CLOSED, Latitude= 41.63247771452891, Longitude= -71.00711281919112,  (at simulation time 475.201,900,  (at simulation time 475.204,300
2023-11-20 22:22:37,860 INFO  - ,Broadcast V2X Message from ,rsu_2,veh_2, InterVehicleMsg{,30, 3473,  41.632382935740885,  -71.0077086334615, Road CLOSED, Latitude= 41.63247771452891, Longitude= -71.00711281919112,  (at simulation time 475.302,400,  (at simulation time 475.304,800
2023-11-20 22:22:37,860 INFO  - ,Broadcast V2X Message from ,rsu_2,veh_2, InterVehicleMsg{,30, 3474,  41.632382935740885,  -71.0077086334615, Road CLOSED, Latitude= 41.63247771452891, Longitude= -71.00711281919112,  (at simulation time 475.400,900,  (at simulation time 475.402,800
2023-11-20 22:22:37,860 INFO  - ,Broadcast V2X Message from ,rsu_2,veh_2, InterVehicleMsg{,30, 3475,  41.632382935740885,  -71.0077086334615, Road CLOSED, Latitude= 41.63247771452891, Longitude= -71.00711281919112,  (at simulation time 475.500,400,  (at simulation time 475.502,300
2023-11-20 22:22:37,860 INFO  - ,Broadcast V2X Message from ,rsu_2,veh_2, InterVehicleMsg{,30, 3476,  41.632382935740885,  -71.0077086334615, Road CLOSED, Latitude= 41.63247771452891, Longitude= -71.00711281919112,  (at simulation time 475.600,400,  (at simulation time 475.602,300
2023-11-20 22:22:37,860 INFO  - ,Broadcast V2X Message from ,rsu_2,veh_2, InterVehicleMsg{,30, 3477,  41.632382935740885,  -71.0077086334615, Road CLOSED, Latitude= 41.63247771452891, Longitude= -71.00711281919112,  (at simulation time 475.700,900,  (at simulation time 475.701,300
2023-11-20 22:22:37,860 INFO  - ,Broadcast V2X Message from ,rsu_2,veh_2, InterVehicleMsg{,30, 3478,  41.632382935740885,  -71.0077086334615, Road CLOSED, Latitude= 41.63247771452891, Longitude= -71.00711281919112,  (at simulation time 475.800,900,  (at simulation time 475.802,300
2023-11-20 22:22:37,860 INFO  - ,Broadcast V2X Message from ,rsu_2,veh_2, InterVehicleMsg{,30, 3479,  41.632382935740885,  -71.0077086334615, Road CLOSED, Latitude= 41.63247771452891, Longitude= -71.00711281919112,  (at simulation time 475.900,400,  (at simulation time 475.901,800
